fare_id,price,currency_type,payment_method,transfers,transfer_duration
436759,6.95,USD,1,,
436760,6.00,USD,1,,
436761,2.55,USD,1,,
436762,2.55,USD,1,,
436763,2.55,USD,1,,
436764,2.55,USD,1,,
436765,7.55,USD,1,,
436766,2.55,USD,1,,
436767,2.55,USD,1,,
436768,2.55,USD,1,,
436769,2.55,USD,1,,
436770,2.55,USD,1,,
436771,3.00,USD,1,,
436772,3.40,USD,1,,
436773,4.05,USD,1,,
436774,4.40,USD,1,,
436775,4.75,USD,1,,
436776,5.15,USD,1,,
436777,5.80,USD,1,,
436778,6.25,USD,1,,
436779,4.75,USD,1,,
436780,6.20,USD,1,,
436781,6.30,USD,1,,
436782,5.60,USD,1,,
436783,5.95,USD,1,,
436784,5.35,USD,1,,
436785,4.80,USD,1,,
436786,4.60,USD,1,,
436787,4.10,USD,1,,
436788,3.25,USD,1,,
436789,2.55,USD,1,,
436790,2.65,USD,1,,
436791,5.30,USD,1,,
436792,5.30,USD,1,,
436793,5.30,USD,1,,
436794,5.30,USD,1,,
436795,5.45,USD,1,,
436796,5.50,USD,1,,
436797,5.70,USD,1,,
436798,5.80,USD,1,,
436799,5.95,USD,1,,
436800,11.35,USD,1,,
436801,6.80,USD,1,,
436802,7.75,USD,1,,
436803,8.10,USD,1,,
436804,6.50,USD,1,,
436805,7.35,USD,1,,
436806,6.05,USD,1,,
436807,6.40,USD,1,,
436808,12.50,USD,1,,
436809,6.85,USD,1,,
436810,5.90,USD,1,,
436811,2.55,USD,1,,
436812,2.55,USD,1,,
436813,2.55,USD,1,,
436814,2.55,USD,1,,
436815,2.55,USD,1,,
436816,7.55,USD,1,,
436817,2.55,USD,1,,
436818,2.55,USD,1,,
436819,2.55,USD,1,,
436820,2.55,USD,1,,
436821,2.80,USD,1,,
436822,3.20,USD,1,,
436823,3.85,USD,1,,
436824,4.25,USD,1,,
436825,4.65,USD,1,,
436826,5.05,USD,1,,
436827,5.70,USD,1,,
436828,6.10,USD,1,,
436829,4.65,USD,1,,
436830,6.10,USD,1,,
436831,6.25,USD,1,,
436832,5.55,USD,1,,
436833,5.80,USD,1,,
436834,5.30,USD,1,,
436835,4.75,USD,1,,
436836,4.50,USD,1,,
436837,3.85,USD,1,,
436838,3.05,USD,1,,
436839,2.55,USD,1,,
436840,2.55,USD,1,,
436841,5.10,USD,1,,
436842,5.10,USD,1,,
436843,5.10,USD,1,,
436844,5.10,USD,1,,
436845,5.35,USD,1,,
436846,5.40,USD,1,,
436847,5.60,USD,1,,
436848,5.70,USD,1,,
436849,5.85,USD,1,,
436850,11.15,USD,1,,
436851,6.70,USD,1,,
436852,7.65,USD,1,,
436853,7.95,USD,1,,
436854,6.45,USD,1,,
436855,7.30,USD,1,,
436856,5.90,USD,1,,
436857,6.25,USD,1,,
436858,12.35,USD,1,,
436859,6.70,USD,1,,
436860,5.70,USD,1,,
436861,3.55,USD,1,,
436862,3.05,USD,1,,
436863,2.70,USD,1,,
436864,2.55,USD,1,,
436865,2.55,USD,1,,
436866,2.55,USD,1,,
436867,7.55,USD,1,,
436868,2.55,USD,1,,
436869,2.55,USD,1,,
436870,2.55,USD,1,,
436871,2.55,USD,1,,
436872,2.95,USD,1,,
436873,3.55,USD,1,,
436874,4.05,USD,1,,
436875,4.50,USD,1,,
436876,4.85,USD,1,,
436877,5.50,USD,1,,
436878,5.95,USD,1,,
436879,4.45,USD,1,,
436880,5.90,USD,1,,
436881,6.25,USD,1,,
436882,5.55,USD,1,,
436883,5.65,USD,1,,
436884,5.30,USD,1,,
436885,4.75,USD,1,,
436886,4.50,USD,1,,
436887,3.80,USD,1,,
436888,2.55,USD,1,,
436889,2.55,USD,1,,
436890,2.55,USD,1,,
436891,4.80,USD,1,,
436892,4.80,USD,1,,
436893,4.80,USD,1,,
436894,4.80,USD,1,,
436895,5.00,USD,1,,
436896,5.15,USD,1,,
436897,5.45,USD,1,,
436898,5.50,USD,1,,
436899,5.70,USD,1,,
436900,10.85,USD,1,,
436901,6.50,USD,1,,
436902,7.45,USD,1,,
436903,7.80,USD,1,,
436904,6.45,USD,1,,
436905,7.30,USD,1,,
436906,5.75,USD,1,,
436907,6.10,USD,1,,
436908,12.20,USD,1,,
436909,6.55,USD,1,,
436910,5.60,USD,1,,
436911,3.80,USD,1,,
436912,3.35,USD,1,,
436913,3.00,USD,1,,
436914,2.55,USD,1,,
436915,2.55,USD,1,,
436916,2.55,USD,1,,
436917,2.55,USD,1,,
436918,7.55,USD,1,,
436919,2.55,USD,1,,
436920,2.55,USD,1,,
436921,2.55,USD,1,,
436922,2.55,USD,1,,
436923,3.25,USD,1,,
436924,3.75,USD,1,,
436925,4.35,USD,1,,
436926,4.75,USD,1,,
436927,5.40,USD,1,,
436928,5.85,USD,1,,
436929,4.35,USD,1,,
436930,5.80,USD,1,,
436931,6.30,USD,1,,
436932,5.60,USD,1,,
436933,5.55,USD,1,,
436934,5.35,USD,1,,
436935,4.80,USD,1,,
436936,4.60,USD,1,,
436937,4.00,USD,1,,
436938,3.20,USD,1,,
436939,2.55,USD,1,,
436940,2.55,USD,1,,
436941,4.50,USD,1,,
436942,4.50,USD,1,,
436943,4.50,USD,1,,
436944,4.50,USD,1,,
436945,4.75,USD,1,,
436946,4.90,USD,1,,
436947,5.20,USD,1,,
436948,5.40,USD,1,,
436949,5.55,USD,1,,
436950,10.50,USD,1,,
436951,6.40,USD,1,,
436952,7.35,USD,1,,
436953,7.70,USD,1,,
436954,6.50,USD,1,,
436955,7.30,USD,1,,
436956,5.75,USD,1,,
436957,6.10,USD,1,,
436958,12.20,USD,1,,
436959,6.55,USD,1,,
436960,5.60,USD,1,,
436961,3.80,USD,1,,
436962,3.35,USD,1,,
436963,3.00,USD,1,,
436964,2.55,USD,1,,
436965,2.55,USD,1,,
436966,2.55,USD,1,,
436967,2.55,USD,1,,
436968,2.55,USD,1,,
436969,7.55,USD,1,,
436970,2.55,USD,1,,
436971,2.55,USD,1,,
436972,2.55,USD,1,,
436973,3.25,USD,1,,
436974,3.75,USD,1,,
436975,4.35,USD,1,,
436976,4.75,USD,1,,
436977,5.40,USD,1,,
436978,5.85,USD,1,,
436979,4.35,USD,1,,
436980,5.80,USD,1,,
436981,6.30,USD,1,,
436982,5.60,USD,1,,
436983,5.55,USD,1,,
436984,5.35,USD,1,,
436985,4.80,USD,1,,
436986,4.60,USD,1,,
436987,4.00,USD,1,,
436988,3.20,USD,1,,
436989,2.55,USD,1,,
436990,2.55,USD,1,,
436991,4.50,USD,1,,
436992,4.50,USD,1,,
436993,4.50,USD,1,,
436994,4.50,USD,1,,
436995,4.75,USD,1,,
436996,4.90,USD,1,,
436997,5.20,USD,1,,
436998,5.40,USD,1,,
436999,5.55,USD,1,,
437000,10.50,USD,1,,
437001,6.40,USD,1,,
437002,7.35,USD,1,,
437003,7.70,USD,1,,
437004,6.50,USD,1,,
437005,7.30,USD,1,,
437006,5.75,USD,1,,
437007,6.10,USD,1,,
437008,12.20,USD,1,,
437009,6.55,USD,1,,
437010,5.60,USD,1,,
437011,3.80,USD,1,,
437012,3.35,USD,1,,
437013,3.00,USD,1,,
437014,2.55,USD,1,,
437015,2.55,USD,1,,
437016,2.55,USD,1,,
437017,2.55,USD,1,,
437018,2.55,USD,1,,
437019,2.55,USD,1,,
437020,7.55,USD,1,,
437021,2.55,USD,1,,
437022,2.55,USD,1,,
437023,3.25,USD,1,,
437024,3.75,USD,1,,
437025,4.35,USD,1,,
437026,4.75,USD,1,,
437027,5.40,USD,1,,
437028,5.85,USD,1,,
437029,4.35,USD,1,,
437030,5.80,USD,1,,
437031,6.30,USD,1,,
437032,5.60,USD,1,,
437033,5.55,USD,1,,
437034,5.35,USD,1,,
437035,4.80,USD,1,,
437036,4.60,USD,1,,
437037,4.00,USD,1,,
437038,3.20,USD,1,,
437039,2.55,USD,1,,
437040,2.55,USD,1,,
437041,4.50,USD,1,,
437042,4.50,USD,1,,
437043,4.50,USD,1,,
437044,4.50,USD,1,,
437045,4.75,USD,1,,
437046,4.90,USD,1,,
437047,5.20,USD,1,,
437048,5.40,USD,1,,
437049,5.55,USD,1,,
437050,10.50,USD,1,,
437051,6.40,USD,1,,
437052,7.35,USD,1,,
437053,7.70,USD,1,,
437054,6.50,USD,1,,
437055,7.30,USD,1,,
437056,6.15,USD,1,,
437057,6.50,USD,1,,
437058,12.60,USD,1,,
437059,6.90,USD,1,,
437060,5.25,USD,1,,
437061,4.20,USD,1,,
437062,3.95,USD,1,,
437063,3.60,USD,1,,
437064,3.15,USD,1,,
437065,3.00,USD,1,,
437066,2.80,USD,1,,
437067,2.55,USD,1,,
437068,2.55,USD,1,,
437069,2.55,USD,1,,
437070,2.55,USD,1,,
437071,7.55,USD,1,,
437072,2.55,USD,1,,
437073,2.55,USD,1,,
437074,3.15,USD,1,,
437075,3.75,USD,1,,
437076,4.35,USD,1,,
437077,5.05,USD,1,,
437078,5.50,USD,1,,
437079,3.75,USD,1,,
437080,5.45,USD,1,,
437081,6.50,USD,1,,
437082,5.80,USD,1,,
437083,5.90,USD,1,,
437084,5.55,USD,1,,
437085,5.00,USD,1,,
437086,4.80,USD,1,,
437087,4.30,USD,1,,
437088,3.60,USD,1,,
437089,2.60,USD,1,,
437090,2.55,USD,1,,
437091,5.10,USD,1,,
437092,5.10,USD,1,,
437093,5.10,USD,1,,
437094,5.10,USD,1,,
437095,5.35,USD,1,,
437096,5.50,USD,1,,
437097,5.65,USD,1,,
437098,5.75,USD,1,,
437099,5.95,USD,1,,
437100,10.50,USD,1,,
437101,6.05,USD,1,,
437102,7.00,USD,1,,
437103,7.35,USD,1,,
437104,6.70,USD,1,,
437105,7.55,USD,1,,
437106,6.40,USD,1,,
437107,6.75,USD,1,,
437108,12.85,USD,1,,
437109,7.15,USD,1,,
437110,5.00,USD,1,,
437111,4.50,USD,1,,
437112,4.20,USD,1,,
437113,4.00,USD,1,,
437114,3.60,USD,1,,
437115,3.40,USD,1,,
437116,3.20,USD,1,,
437117,2.95,USD,1,,
437118,2.55,USD,1,,
437119,2.55,USD,1,,
437120,2.55,USD,1,,
437121,2.55,USD,1,,
437122,7.55,USD,1,,
437123,2.55,USD,1,,
437124,2.55,USD,1,,
437125,3.35,USD,1,,
437126,3.95,USD,1,,
437127,4.80,USD,1,,
437128,5.25,USD,1,,
437129,3.35,USD,1,,
437130,5.20,USD,1,,
437131,6.75,USD,1,,
437132,6.05,USD,1,,
437133,6.15,USD,1,,
437134,5.80,USD,1,,
437135,5.25,USD,1,,
437136,5.05,USD,1,,
437137,4.60,USD,1,,
437138,4.05,USD,1,,
437139,3.00,USD,1,,
437140,2.85,USD,1,,
437141,5.50,USD,1,,
437142,5.50,USD,1,,
437143,5.50,USD,1,,
437144,5.50,USD,1,,
437145,5.65,USD,1,,
437146,5.75,USD,1,,
437147,5.90,USD,1,,
437148,6.00,USD,1,,
437149,6.20,USD,1,,
437150,7.95,USD,1,,
437151,5.80,USD,1,,
437152,6.75,USD,1,,
437153,7.05,USD,1,,
437154,6.95,USD,1,,
437155,7.80,USD,1,,
436306,7.55,USD,1,,
436307,4.25,USD,1,,
436308,10.10,USD,1,,
436309,4.25,USD,1,,
436310,8.70,USD,1,,
436311,7.00,USD,1,,
436312,6.70,USD,1,,
436313,6.50,USD,1,,
436314,6.25,USD,1,,
436315,6.15,USD,1,,
436316,6.05,USD,1,,
436317,5.90,USD,1,,
436318,5.75,USD,1,,
436319,5.75,USD,1,,
436320,5.75,USD,1,,
436321,6.15,USD,1,,
436322,6.40,USD,1,,
436323,6.75,USD,1,,
436324,7.10,USD,1,,
436325,7.45,USD,1,,
436326,7.85,USD,1,,
436327,8.50,USD,1,,
436328,8.95,USD,1,,
436329,7.45,USD,1,,
436330,8.90,USD,1,,
436331,9.45,USD,1,,
436332,8.80,USD,1,,
436333,4.25,USD,1,,
436334,8.50,USD,1,,
436335,7.95,USD,1,,
436336,7.80,USD,1,,
436337,7.30,USD,1,,
436338,6.80,USD,1,,
436339,6.10,USD,1,,
436340,5.65,USD,1,,
436341,5.15,USD,1,,
436342,5.15,USD,1,,
436343,5.15,USD,1,,
436344,5.15,USD,1,,
436345,4.95,USD,1,,
436346,4.80,USD,1,,
436347,4.45,USD,1,,
436348,4.25,USD,1,,
436349,4.25,USD,1,,
436350,14.30,USD,1,,
436351,9.50,USD,1,,
436352,10.45,USD,1,,
436353,10.80,USD,1,,
436354,9.65,USD,1,,
436355,10.50,USD,1,,
436356,4.25,USD,1,,
436357,7.55,USD,1,,
436358,10.10,USD,1,,
436359,4.25,USD,1,,
436360,9.05,USD,1,,
436361,7.35,USD,1,,
436362,7.05,USD,1,,
436363,6.85,USD,1,,
436364,6.60,USD,1,,
436365,6.50,USD,1,,
436366,6.40,USD,1,,
436367,6.25,USD,1,,
436368,6.10,USD,1,,
436369,6.10,USD,1,,
436370,6.10,USD,1,,
436371,6.50,USD,1,,
436372,6.75,USD,1,,
436373,7.10,USD,1,,
436374,7.45,USD,1,,
436375,7.80,USD,1,,
436376,8.20,USD,1,,
436377,8.85,USD,1,,
436378,9.30,USD,1,,
436379,7.80,USD,1,,
436380,9.25,USD,1,,
436381,9.80,USD,1,,
436382,9.10,USD,1,,
436383,4.25,USD,1,,
436384,8.85,USD,1,,
436385,8.30,USD,1,,
436386,8.10,USD,1,,
436387,7.65,USD,1,,
436388,7.15,USD,1,,
436389,6.40,USD,1,,
436390,6.00,USD,1,,
436391,5.70,USD,1,,
436392,5.70,USD,1,,
436393,5.70,USD,1,,
436394,5.70,USD,1,,
436395,5.45,USD,1,,
436396,5.30,USD,1,,
436397,5.00,USD,1,,
436398,4.80,USD,1,,
436399,4.25,USD,1,,
436400,14.65,USD,1,,
436401,9.85,USD,1,,
436402,10.80,USD,1,,
436403,11.10,USD,1,,
436404,10.00,USD,1,,
436405,10.85,USD,1,,
436406,10.10,USD,1,,
436407,10.10,USD,1,,
436408,7.55,USD,1,,
436409,5.85,USD,1,,
437156,6.75,USD,1,,
437157,7.10,USD,1,,
437158,13.20,USD,1,,
437159,7.55,USD,1,,
437160,4.65,USD,1,,
436410,15.15,USD,1,,
436411,13.45,USD,1,,
436412,13.15,USD,1,,
436413,12.95,USD,1,,
436414,12.70,USD,1,,
436415,12.60,USD,1,,
436416,12.50,USD,1,,
436417,12.35,USD,1,,
436418,12.20,USD,1,,
436419,12.20,USD,1,,
436420,12.20,USD,1,,
436421,12.60,USD,1,,
436422,12.85,USD,1,,
436423,13.20,USD,1,,
436424,13.55,USD,1,,
436425,13.90,USD,1,,
436426,14.30,USD,1,,
436427,14.95,USD,1,,
436428,15.40,USD,1,,
436429,13.90,USD,1,,
436430,15.35,USD,1,,
436431,15.90,USD,1,,
436432,15.20,USD,1,,
436433,10.50,USD,1,,
436434,14.95,USD,1,,
436435,14.40,USD,1,,
436436,14.20,USD,1,,
436437,13.75,USD,1,,
436438,13.25,USD,1,,
436439,12.55,USD,1,,
436440,12.10,USD,1,,
436441,11.80,USD,1,,
436442,11.80,USD,1,,
436443,11.80,USD,1,,
436444,11.80,USD,1,,
436445,11.70,USD,1,,
436446,11.60,USD,1,,
436447,11.25,USD,1,,
436448,11.10,USD,1,,
436449,10.80,USD,1,,
436450,20.75,USD,1,,
436451,15.95,USD,1,,
436452,16.90,USD,1,,
436453,17.25,USD,1,,
436454,16.10,USD,1,,
436455,16.95,USD,1,,
436456,4.25,USD,1,,
436457,4.25,USD,1,,
436458,5.85,USD,1,,
436459,7.55,USD,1,,
436460,9.45,USD,1,,
436461,7.75,USD,1,,
436462,7.50,USD,1,,
436463,7.30,USD,1,,
436464,7.05,USD,1,,
436465,6.95,USD,1,,
436466,6.85,USD,1,,
436467,6.70,USD,1,,
436468,6.55,USD,1,,
436469,6.55,USD,1,,
436470,6.55,USD,1,,
436471,6.90,USD,1,,
436472,7.15,USD,1,,
436473,7.55,USD,1,,
436474,7.85,USD,1,,
436475,8.25,USD,1,,
436476,8.60,USD,1,,
436477,9.25,USD,1,,
436478,9.70,USD,1,,
436479,8.25,USD,1,,
436480,9.70,USD,1,,
436481,10.25,USD,1,,
436482,9.55,USD,1,,
436483,4.90,USD,1,,
436484,9.30,USD,1,,
436485,8.75,USD,1,,
436486,8.55,USD,1,,
436487,8.10,USD,1,,
436488,7.60,USD,1,,
436489,6.85,USD,1,,
436490,6.45,USD,1,,
436491,6.15,USD,1,,
436492,6.15,USD,1,,
436493,6.15,USD,1,,
436494,6.15,USD,1,,
436495,6.05,USD,1,,
436496,6.00,USD,1,,
436497,5.65,USD,1,,
436498,5.50,USD,1,,
436499,5.20,USD,1,,
436500,15.10,USD,1,,
436501,10.30,USD,1,,
436502,11.25,USD,1,,
436503,11.55,USD,1,,
436504,10.45,USD,1,,
436505,11.30,USD,1,,
436506,8.70,USD,1,,
436507,9.05,USD,1,,
436508,15.15,USD,1,,
436509,9.45,USD,1,,
436510,7.55,USD,1,,
436511,6.80,USD,1,,
436512,6.50,USD,1,,
436513,6.30,USD,1,,
436514,6.05,USD,1,,
436515,6.00,USD,1,,
436516,5.90,USD,1,,
436517,5.70,USD,1,,
436518,5.60,USD,1,,
436519,5.60,USD,1,,
436520,5.60,USD,1,,
436521,5.25,USD,1,,
436522,5.00,USD,1,,
436523,4.65,USD,1,,
436524,2.55,USD,1,,
436525,4.65,USD,1,,
436526,5.05,USD,1,,
436527,5.70,USD,1,,
436528,6.15,USD,1,,
436529,2.55,USD,1,,
436530,2.55,USD,1,,
436531,9.05,USD,1,,
436532,8.35,USD,1,,
436533,8.45,USD,1,,
436534,8.10,USD,1,,
436535,7.55,USD,1,,
436536,7.35,USD,1,,
436537,6.90,USD,1,,
436538,6.40,USD,1,,
436539,5.70,USD,1,,
436540,5.70,USD,1,,
436541,7.85,USD,1,,
436542,7.85,USD,1,,
436543,7.85,USD,1,,
436544,7.85,USD,1,,
436545,7.95,USD,1,,
436546,8.05,USD,1,,
436547,8.25,USD,1,,
436548,8.30,USD,1,,
436549,8.50,USD,1,,
436550,12.90,USD,1,,
436551,6.70,USD,1,,
436552,7.65,USD,1,,
436553,8.00,USD,1,,
436554,9.25,USD,1,,
436555,10.10,USD,1,,
436556,7.00,USD,1,,
436557,7.35,USD,1,,
436558,13.45,USD,1,,
436559,7.75,USD,1,,
437161,4.90,USD,1,,
437162,4.60,USD,1,,
436560,6.80,USD,1,,
436561,7.55,USD,1,,
436562,2.55,USD,1,,
436563,2.55,USD,1,,
436564,2.55,USD,1,,
436565,2.55,USD,1,,
436566,2.55,USD,1,,
436567,3.55,USD,1,,
436568,3.80,USD,1,,
436569,3.80,USD,1,,
436570,3.80,USD,1,,
436571,4.20,USD,1,,
436572,4.50,USD,1,,
436573,4.90,USD,1,,
436574,5.20,USD,1,,
436575,5.55,USD,1,,
436576,5.95,USD,1,,
436577,6.60,USD,1,,
436578,7.05,USD,1,,
436579,5.55,USD,1,,
436580,7.00,USD,1,,
436581,7.10,USD,1,,
436582,6.40,USD,1,,
436583,6.75,USD,1,,
436584,6.15,USD,1,,
436585,5.60,USD,1,,
436586,5.40,USD,1,,
436587,4.95,USD,1,,
436588,4.45,USD,1,,
436589,3.55,USD,1,,
436590,4.00,USD,1,,
436591,6.15,USD,1,,
436592,6.15,USD,1,,
436593,6.15,USD,1,,
436594,6.15,USD,1,,
436595,6.25,USD,1,,
436596,6.35,USD,1,,
436597,6.50,USD,1,,
436598,6.60,USD,1,,
436599,6.80,USD,1,,
436600,12.45,USD,1,,
436601,7.60,USD,1,,
436602,8.55,USD,1,,
436603,8.90,USD,1,,
436604,7.30,USD,1,,
436605,8.15,USD,1,,
436606,6.70,USD,1,,
436607,7.05,USD,1,,
436608,13.15,USD,1,,
436609,7.50,USD,1,,
436610,6.50,USD,1,,
436611,2.55,USD,1,,
436612,7.55,USD,1,,
436613,2.55,USD,1,,
436614,2.55,USD,1,,
436615,2.55,USD,1,,
436616,2.55,USD,1,,
436617,3.05,USD,1,,
436618,3.35,USD,1,,
436619,3.35,USD,1,,
436620,3.35,USD,1,,
436621,3.95,USD,1,,
436622,4.20,USD,1,,
436623,4.60,USD,1,,
436624,4.90,USD,1,,
436625,5.30,USD,1,,
436626,5.70,USD,1,,
436627,6.30,USD,1,,
436628,6.80,USD,1,,
436629,5.30,USD,1,,
436630,6.75,USD,1,,
436631,6.80,USD,1,,
436632,6.15,USD,1,,
436633,6.45,USD,1,,
436634,5.90,USD,1,,
436635,5.35,USD,1,,
436636,5.15,USD,1,,
436637,4.70,USD,1,,
436638,4.20,USD,1,,
436639,3.15,USD,1,,
436640,3.55,USD,1,,
436641,5.90,USD,1,,
436642,5.90,USD,1,,
436643,5.90,USD,1,,
436644,5.90,USD,1,,
436645,6.00,USD,1,,
436646,6.05,USD,1,,
436647,6.25,USD,1,,
436648,6.35,USD,1,,
436649,6.50,USD,1,,
436650,12.15,USD,1,,
436651,7.35,USD,1,,
436652,8.30,USD,1,,
436653,8.60,USD,1,,
436654,7.05,USD,1,,
436655,7.85,USD,1,,
436656,6.50,USD,1,,
436657,6.85,USD,1,,
436658,12.95,USD,1,,
436659,7.30,USD,1,,
436660,6.30,USD,1,,
436661,2.55,USD,1,,
436662,2.55,USD,1,,
436663,7.55,USD,1,,
436664,2.55,USD,1,,
436665,2.55,USD,1,,
436666,2.55,USD,1,,
436667,2.70,USD,1,,
436668,3.00,USD,1,,
436669,3.00,USD,1,,
436670,3.00,USD,1,,
436671,3.60,USD,1,,
436672,4.00,USD,1,,
436673,4.40,USD,1,,
436674,4.70,USD,1,,
436675,5.05,USD,1,,
436676,5.45,USD,1,,
436677,6.10,USD,1,,
436678,6.55,USD,1,,
436679,5.05,USD,1,,
436680,6.50,USD,1,,
436681,6.60,USD,1,,
436682,5.95,USD,1,,
436683,6.25,USD,1,,
436684,5.65,USD,1,,
436685,5.15,USD,1,,
436686,4.95,USD,1,,
436687,4.45,USD,1,,
436688,3.85,USD,1,,
436689,2.80,USD,1,,
436690,3.20,USD,1,,
436691,5.70,USD,1,,
436692,5.70,USD,1,,
436693,5.70,USD,1,,
436694,5.70,USD,1,,
436695,5.75,USD,1,,
436696,5.85,USD,1,,
436697,6.05,USD,1,,
436698,6.10,USD,1,,
436699,6.30,USD,1,,
436700,11.95,USD,1,,
436701,7.10,USD,1,,
436702,8.05,USD,1,,
436703,8.40,USD,1,,
436704,6.80,USD,1,,
436705,7.65,USD,1,,
436706,6.25,USD,1,,
436707,6.60,USD,1,,
436708,12.70,USD,1,,
436709,7.05,USD,1,,
436710,6.05,USD,1,,
436711,2.55,USD,1,,
436712,2.55,USD,1,,
436713,2.55,USD,1,,
436714,7.55,USD,1,,
436715,2.55,USD,1,,
436716,2.55,USD,1,,
436717,2.55,USD,1,,
436718,2.55,USD,1,,
436719,2.55,USD,1,,
436720,2.55,USD,1,,
436721,3.15,USD,1,,
436722,3.60,USD,1,,
436723,4.15,USD,1,,
436724,4.45,USD,1,,
436725,4.85,USD,1,,
436726,5.20,USD,1,,
436727,5.85,USD,1,,
436728,6.30,USD,1,,
436729,4.80,USD,1,,
436730,6.25,USD,1,,
436731,6.35,USD,1,,
436732,5.70,USD,1,,
436733,6.00,USD,1,,
436734,5.40,USD,1,,
436735,4.90,USD,1,,
436736,4.70,USD,1,,
436737,4.20,USD,1,,
436738,3.45,USD,1,,
436739,2.55,USD,1,,
436740,2.80,USD,1,,
436741,5.40,USD,1,,
436742,5.40,USD,1,,
436743,5.40,USD,1,,
436744,5.40,USD,1,,
436745,5.50,USD,1,,
436746,5.60,USD,1,,
436747,5.80,USD,1,,
436748,5.85,USD,1,,
436749,6.05,USD,1,,
436750,11.50,USD,1,,
436751,6.85,USD,1,,
436752,7.80,USD,1,,
436753,8.15,USD,1,,
436754,6.55,USD,1,,
436755,7.40,USD,1,,
436756,6.15,USD,1,,
436757,6.50,USD,1,,
436758,12.60,USD,1,,
437163,4.40,USD,1,,
437164,4.15,USD,1,,
437165,4.05,USD,1,,
437166,3.85,USD,1,,
437167,3.55,USD,1,,
437168,3.25,USD,1,,
437169,3.25,USD,1,,
437170,3.25,USD,1,,
437171,2.55,USD,1,,
437172,2.55,USD,1,,
437173,7.55,USD,1,,
437174,2.55,USD,1,,
437175,2.55,USD,1,,
437176,3.35,USD,1,,
437177,4.30,USD,1,,
437178,4.85,USD,1,,
437179,2.55,USD,1,,
437180,4.80,USD,1,,
437181,7.10,USD,1,,
437182,6.45,USD,1,,
437183,6.55,USD,1,,
437184,6.15,USD,1,,
437185,5.65,USD,1,,
437186,5.45,USD,1,,
437187,5.00,USD,1,,
437188,4.45,USD,1,,
437189,3.60,USD,1,,
437190,3.50,USD,1,,
437191,5.95,USD,1,,
437192,5.95,USD,1,,
437193,5.95,USD,1,,
437194,5.95,USD,1,,
437195,6.05,USD,1,,
437196,6.10,USD,1,,
437197,6.30,USD,1,,
437198,6.40,USD,1,,
437199,6.55,USD,1,,
437200,10.50,USD,1,,
437201,5.40,USD,1,,
437202,6.35,USD,1,,
437203,6.70,USD,1,,
437204,7.35,USD,1,,
437205,8.15,USD,1,,
437206,7.10,USD,1,,
437207,7.45,USD,1,,
437208,13.55,USD,1,,
437209,7.85,USD,1,,
437210,2.55,USD,1,,
437211,5.20,USD,1,,
437212,4.90,USD,1,,
437213,4.70,USD,1,,
437214,4.45,USD,1,,
437215,4.40,USD,1,,
437216,4.25,USD,1,,
437217,4.05,USD,1,,
437218,3.75,USD,1,,
437219,3.75,USD,1,,
437220,3.75,USD,1,,
437221,3.15,USD,1,,
437222,2.55,USD,1,,
437223,2.55,USD,1,,
437224,7.55,USD,1,,
437225,2.55,USD,1,,
437226,2.55,USD,1,,
437227,2.55,USD,1,,
437228,2.55,USD,1,,
437229,2.55,USD,1,,
437230,2.55,USD,1,,
437231,7.45,USD,1,,
437232,6.75,USD,1,,
437233,6.85,USD,1,,
437234,6.50,USD,1,,
437235,5.95,USD,1,,
437236,5.75,USD,1,,
437237,5.25,USD,1,,
437238,4.80,USD,1,,
437239,4.05,USD,1,,
437240,4.00,USD,1,,
437241,6.25,USD,1,,
437242,6.25,USD,1,,
437243,6.25,USD,1,,
437244,6.25,USD,1,,
437245,6.35,USD,1,,
437246,6.40,USD,1,,
437247,6.60,USD,1,,
437248,6.70,USD,1,,
437249,6.90,USD,1,,
437250,10.50,USD,1,,
437251,5.10,USD,1,,
437252,6.05,USD,1,,
437253,6.40,USD,1,,
437254,7.65,USD,1,,
437255,8.45,USD,1,,
437256,7.45,USD,1,,
437257,7.80,USD,1,,
437258,13.90,USD,1,,
437259,8.25,USD,1,,
437260,4.65,USD,1,,
437261,5.55,USD,1,,
437262,5.30,USD,1,,
437263,5.05,USD,1,,
437264,4.85,USD,1,,
437265,4.75,USD,1,,
437266,4.65,USD,1,,
437267,4.50,USD,1,,
437268,4.35,USD,1,,
437269,4.35,USD,1,,
437270,4.35,USD,1,,
437271,3.75,USD,1,,
437272,3.35,USD,1,,
437273,2.55,USD,1,,
437274,2.55,USD,1,,
437275,7.55,USD,1,,
437276,2.55,USD,1,,
437277,2.55,USD,1,,
437278,2.55,USD,1,,
437279,2.55,USD,1,,
437280,4.90,USD,1,,
437281,7.80,USD,1,,
437282,7.10,USD,1,,
437283,7.20,USD,1,,
437284,6.85,USD,1,,
437285,6.30,USD,1,,
437286,6.15,USD,1,,
437287,5.65,USD,1,,
437288,5.15,USD,1,,
437289,4.50,USD,1,,
437290,4.45,USD,1,,
437291,6.65,USD,1,,
437292,6.65,USD,1,,
437293,6.65,USD,1,,
437294,6.65,USD,1,,
437295,6.75,USD,1,,
437296,6.80,USD,1,,
437297,7.00,USD,1,,
437298,7.10,USD,1,,
437299,7.25,USD,1,,
437300,11.30,USD,1,,
437301,4.75,USD,1,,
437302,5.70,USD,1,,
437303,6.00,USD,1,,
437304,8.00,USD,1,,
437305,8.85,USD,1,,
437306,7.85,USD,1,,
437307,8.20,USD,1,,
437308,14.30,USD,1,,
437309,8.60,USD,1,,
437310,5.05,USD,1,,
437311,5.95,USD,1,,
437312,5.70,USD,1,,
437313,5.45,USD,1,,
437314,5.20,USD,1,,
437315,5.15,USD,1,,
437316,5.05,USD,1,,
437317,4.85,USD,1,,
437318,4.75,USD,1,,
437319,4.75,USD,1,,
437320,4.75,USD,1,,
437321,4.35,USD,1,,
437322,3.95,USD,1,,
437323,3.35,USD,1,,
437324,2.55,USD,1,,
437325,2.55,USD,1,,
437326,7.55,USD,1,,
437327,2.55,USD,1,,
437328,2.55,USD,1,,
437329,3.45,USD,1,,
437330,5.25,USD,1,,
437331,8.20,USD,1,,
437332,7.50,USD,1,,
437333,7.60,USD,1,,
437334,7.25,USD,1,,
437335,6.70,USD,1,,
437336,6.50,USD,1,,
437337,6.05,USD,1,,
437338,5.55,USD,1,,
437339,4.85,USD,1,,
437340,4.85,USD,1,,
437341,7.00,USD,1,,
437342,7.00,USD,1,,
437343,7.00,USD,1,,
437344,7.00,USD,1,,
437345,7.10,USD,1,,
437346,7.20,USD,1,,
437347,7.40,USD,1,,
437348,7.45,USD,1,,
437349,7.65,USD,1,,
437350,11.90,USD,1,,
437351,2.55,USD,1,,
437352,5.30,USD,1,,
437353,5.60,USD,1,,
437354,8.40,USD,1,,
437355,9.25,USD,1,,
437356,8.50,USD,1,,
437357,8.85,USD,1,,
437358,14.95,USD,1,,
437359,9.25,USD,1,,
437360,5.70,USD,1,,
437361,6.60,USD,1,,
437362,6.30,USD,1,,
437363,6.10,USD,1,,
437364,5.85,USD,1,,
437365,5.80,USD,1,,
437366,5.70,USD,1,,
437367,5.50,USD,1,,
437368,5.40,USD,1,,
437369,5.40,USD,1,,
437370,5.40,USD,1,,
437371,5.05,USD,1,,
437372,4.80,USD,1,,
437373,4.30,USD,1,,
437374,2.55,USD,1,,
437375,2.55,USD,1,,
437376,2.55,USD,1,,
437377,7.55,USD,1,,
437378,2.55,USD,1,,
437379,4.40,USD,1,,
437380,5.90,USD,1,,
437381,8.85,USD,1,,
437382,8.15,USD,1,,
437383,8.25,USD,1,,
437384,7.90,USD,1,,
437385,7.35,USD,1,,
437386,7.15,USD,1,,
437387,6.70,USD,1,,
437388,6.20,USD,1,,
437389,5.50,USD,1,,
437390,5.50,USD,1,,
437391,7.65,USD,1,,
437392,7.65,USD,1,,
437393,7.65,USD,1,,
437394,7.65,USD,1,,
437395,7.75,USD,1,,
437396,7.85,USD,1,,
437397,8.05,USD,1,,
437398,8.10,USD,1,,
437399,8.30,USD,1,,
437400,12.70,USD,1,,
437401,2.55,USD,1,,
437402,4.65,USD,1,,
437403,5.00,USD,1,,
437404,9.05,USD,1,,
437405,9.90,USD,1,,
437406,8.95,USD,1,,
437407,9.30,USD,1,,
437408,15.40,USD,1,,
437409,9.70,USD,1,,
437410,6.15,USD,1,,
437411,7.05,USD,1,,
437412,6.80,USD,1,,
437413,6.55,USD,1,,
437414,6.30,USD,1,,
437415,6.25,USD,1,,
437416,6.10,USD,1,,
437417,5.95,USD,1,,
437418,5.85,USD,1,,
437419,5.85,USD,1,,
437420,5.85,USD,1,,
437421,5.50,USD,1,,
437422,5.25,USD,1,,
437423,4.85,USD,1,,
437424,2.55,USD,1,,
437425,2.55,USD,1,,
437426,2.55,USD,1,,
437427,2.55,USD,1,,
437428,7.55,USD,1,,
437429,4.90,USD,1,,
437430,6.35,USD,1,,
437431,9.30,USD,1,,
437432,8.60,USD,1,,
437433,8.70,USD,1,,
437434,8.35,USD,1,,
437435,7.80,USD,1,,
437436,7.60,USD,1,,
437437,7.10,USD,1,,
437438,6.65,USD,1,,
437439,5.95,USD,1,,
437440,5.95,USD,1,,
437441,8.10,USD,1,,
437442,8.10,USD,1,,
437443,8.10,USD,1,,
437444,8.10,USD,1,,
437445,8.20,USD,1,,
437446,8.25,USD,1,,
437447,8.45,USD,1,,
437448,8.55,USD,1,,
437449,8.70,USD,1,,
437450,13.15,USD,1,,
437451,2.55,USD,1,,
437452,4.05,USD,1,,
437453,4.55,USD,1,,
437454,9.50,USD,1,,
437455,10.30,USD,1,,
437456,7.45,USD,1,,
437457,7.80,USD,1,,
437458,13.90,USD,1,,
437459,8.25,USD,1,,
437460,2.55,USD,1,,
437461,5.55,USD,1,,
437462,5.30,USD,1,,
437463,5.05,USD,1,,
437464,4.80,USD,1,,
437465,4.75,USD,1,,
437466,4.65,USD,1,,
437467,4.45,USD,1,,
437468,4.35,USD,1,,
437469,4.35,USD,1,,
437470,4.35,USD,1,,
437471,3.75,USD,1,,
437472,3.35,USD,1,,
437473,2.55,USD,1,,
437474,2.55,USD,1,,
437475,2.55,USD,1,,
437476,3.45,USD,1,,
437477,4.40,USD,1,,
437478,4.90,USD,1,,
437479,7.55,USD,1,,
437480,2.55,USD,1,,
437481,7.80,USD,1,,
437482,7.10,USD,1,,
437483,7.20,USD,1,,
437484,6.85,USD,1,,
437485,6.30,USD,1,,
437486,6.10,USD,1,,
437487,5.65,USD,1,,
437488,5.15,USD,1,,
437489,4.45,USD,1,,
437490,4.50,USD,1,,
437491,6.65,USD,1,,
437492,6.65,USD,1,,
437493,6.65,USD,1,,
437494,6.65,USD,1,,
437495,6.70,USD,1,,
437496,6.80,USD,1,,
437497,7.00,USD,1,,
437498,7.10,USD,1,,
437499,7.25,USD,1,,
437500,11.30,USD,1,,
437501,5.45,USD,1,,
437502,6.40,USD,1,,
437503,6.75,USD,1,,
437504,8.00,USD,1,,
437505,8.85,USD,1,,
437506,8.90,USD,1,,
437507,9.25,USD,1,,
437508,15.35,USD,1,,
437509,9.70,USD,1,,
437510,2.55,USD,1,,
437511,7.00,USD,1,,
437512,6.75,USD,1,,
437513,6.50,USD,1,,
437514,6.25,USD,1,,
437515,6.20,USD,1,,
437516,6.10,USD,1,,
437517,5.90,USD,1,,
437518,5.80,USD,1,,
437519,5.80,USD,1,,
437520,5.80,USD,1,,
437521,5.45,USD,1,,
437522,5.20,USD,1,,
437523,4.80,USD,1,,
437524,2.55,USD,1,,
437525,4.90,USD,1,,
437526,5.25,USD,1,,
437527,5.90,USD,1,,
437528,6.35,USD,1,,
437529,2.55,USD,1,,
437530,7.55,USD,1,,
437531,9.25,USD,1,,
437532,8.55,USD,1,,
437533,8.65,USD,1,,
437534,8.30,USD,1,,
437535,7.75,USD,1,,
437536,7.55,USD,1,,
437537,7.10,USD,1,,
437538,6.60,USD,1,,
437539,5.90,USD,1,,
437540,5.95,USD,1,,
437541,8.10,USD,1,,
437542,8.10,USD,1,,
437543,8.10,USD,1,,
437544,8.10,USD,1,,
437545,8.20,USD,1,,
437546,8.25,USD,1,,
437547,8.45,USD,1,,
437548,8.55,USD,1,,
437549,8.70,USD,1,,
437550,13.15,USD,1,,
437551,6.95,USD,1,,
437552,7.90,USD,1,,
437553,8.20,USD,1,,
437554,9.45,USD,1,,
437555,10.30,USD,1,,
437556,9.45,USD,1,,
437557,9.80,USD,1,,
437558,15.90,USD,1,,
437559,10.25,USD,1,,
437560,9.05,USD,1,,
437561,7.10,USD,1,,
437562,6.80,USD,1,,
437563,6.60,USD,1,,
437564,6.35,USD,1,,
437565,6.30,USD,1,,
437566,6.25,USD,1,,
437567,6.25,USD,1,,
437568,6.30,USD,1,,
437569,6.30,USD,1,,
437570,6.30,USD,1,,
437571,6.50,USD,1,,
437572,6.75,USD,1,,
437573,7.10,USD,1,,
437574,7.45,USD,1,,
437575,7.80,USD,1,,
437576,8.20,USD,1,,
437577,8.85,USD,1,,
437578,9.30,USD,1,,
437579,7.80,USD,1,,
437580,9.25,USD,1,,
437581,7.55,USD,1,,
437582,2.55,USD,1,,
437583,9.20,USD,1,,
437584,2.55,USD,1,,
437585,2.55,USD,1,,
437586,2.55,USD,1,,
437587,4.85,USD,1,,
437588,5.35,USD,1,,
437589,6.05,USD,1,,
437590,6.45,USD,1,,
437591,8.60,USD,1,,
437592,8.60,USD,1,,
437593,8.60,USD,1,,
437594,8.60,USD,1,,
437595,8.70,USD,1,,
437596,8.80,USD,1,,
437597,9.00,USD,1,,
437598,9.10,USD,1,,
437599,9.25,USD,1,,
437600,14.65,USD,1,,
437601,9.85,USD,1,,
437602,10.80,USD,1,,
437603,11.10,USD,1,,
437604,2.55,USD,1,,
437605,2.55,USD,1,,
437606,8.80,USD,1,,
437607,9.10,USD,1,,
437608,15.20,USD,1,,
437609,9.55,USD,1,,
437610,8.35,USD,1,,
437611,6.40,USD,1,,
437612,6.15,USD,1,,
437613,5.95,USD,1,,
437614,5.70,USD,1,,
437615,5.60,USD,1,,
437616,5.55,USD,1,,
437617,5.55,USD,1,,
437618,5.60,USD,1,,
437619,5.60,USD,1,,
437620,5.60,USD,1,,
437621,5.80,USD,1,,
437622,6.05,USD,1,,
437623,6.45,USD,1,,
437624,6.75,USD,1,,
437625,7.10,USD,1,,
437626,7.50,USD,1,,
437627,8.15,USD,1,,
437628,8.60,USD,1,,
437629,7.10,USD,1,,
437630,8.55,USD,1,,
437631,2.55,USD,1,,
437632,7.55,USD,1,,
437633,8.55,USD,1,,
437634,2.55,USD,1,,
437635,2.55,USD,1,,
437636,2.55,USD,1,,
437637,4.00,USD,1,,
437638,4.65,USD,1,,
437639,5.40,USD,1,,
437640,5.75,USD,1,,
437641,7.95,USD,1,,
437642,7.95,USD,1,,
437643,7.95,USD,1,,
437644,7.95,USD,1,,
437645,8.05,USD,1,,
437646,8.10,USD,1,,
437647,8.30,USD,1,,
437648,8.40,USD,1,,
437649,8.55,USD,1,,
437650,14.00,USD,1,,
437651,9.15,USD,1,,
437652,10.10,USD,1,,
437653,10.45,USD,1,,
437654,2.55,USD,1,,
437655,4.45,USD,1,,
437656,4.25,USD,1,,
437657,4.25,USD,1,,
437658,10.50,USD,1,,
437659,4.90,USD,1,,
437660,8.45,USD,1,,
437661,6.75,USD,1,,
437662,6.45,USD,1,,
437663,6.25,USD,1,,
437664,6.00,USD,1,,
437665,5.95,USD,1,,
437666,5.80,USD,1,,
437667,5.65,USD,1,,
437668,5.55,USD,1,,
437669,5.55,USD,1,,
437670,5.55,USD,1,,
437671,5.90,USD,1,,
437672,6.15,USD,1,,
437673,6.55,USD,1,,
437674,6.85,USD,1,,
437675,7.20,USD,1,,
437676,7.60,USD,1,,
437677,8.25,USD,1,,
437678,8.70,USD,1,,
437679,7.20,USD,1,,
437680,8.65,USD,1,,
437681,9.20,USD,1,,
437682,8.55,USD,1,,
437683,7.55,USD,1,,
437684,8.25,USD,1,,
437685,7.75,USD,1,,
437686,7.55,USD,1,,
437687,7.05,USD,1,,
437688,6.55,USD,1,,
437689,5.85,USD,1,,
437690,5.40,USD,1,,
437691,4.75,USD,1,,
437692,4.75,USD,1,,
437693,4.75,USD,1,,
437694,4.75,USD,1,,
437695,4.55,USD,1,,
437696,4.40,USD,1,,
437697,4.25,USD,1,,
437698,4.25,USD,1,,
437699,4.25,USD,1,,
437700,14.10,USD,1,,
437701,9.25,USD,1,,
437702,10.20,USD,1,,
437703,10.55,USD,1,,
437704,9.40,USD,1,,
437705,10.25,USD,1,,
437706,8.50,USD,1,,
437707,8.85,USD,1,,
437708,14.95,USD,1,,
437709,9.30,USD,1,,
437710,8.10,USD,1,,
437711,6.15,USD,1,,
437712,5.90,USD,1,,
437713,5.65,USD,1,,
437714,5.40,USD,1,,
437715,5.35,USD,1,,
437716,5.30,USD,1,,
437717,5.30,USD,1,,
437718,5.35,USD,1,,
437719,5.35,USD,1,,
437720,5.35,USD,1,,
437721,5.55,USD,1,,
437722,5.80,USD,1,,
437723,6.15,USD,1,,
437724,6.50,USD,1,,
437725,6.85,USD,1,,
437726,7.25,USD,1,,
437727,7.90,USD,1,,
437728,8.35,USD,1,,
437729,6.85,USD,1,,
437730,8.30,USD,1,,
437731,2.55,USD,1,,
437732,2.55,USD,1,,
437733,8.25,USD,1,,
437734,7.55,USD,1,,
437735,2.55,USD,1,,
437736,2.55,USD,1,,
437737,2.55,USD,1,,
437738,2.55,USD,1,,
437739,5.10,USD,1,,
437740,5.50,USD,1,,
437741,7.70,USD,1,,
437742,7.70,USD,1,,
437743,7.70,USD,1,,
437744,7.70,USD,1,,
437745,7.80,USD,1,,
437746,7.85,USD,1,,
437747,8.05,USD,1,,
437748,8.15,USD,1,,
437749,8.30,USD,1,,
437750,13.70,USD,1,,
437751,8.90,USD,1,,
437752,9.85,USD,1,,
437753,10.20,USD,1,,
437754,2.55,USD,1,,
437755,4.70,USD,1,,
437756,7.95,USD,1,,
437757,8.30,USD,1,,
437758,14.40,USD,1,,
437759,8.75,USD,1,,
437760,7.55,USD,1,,
437761,5.60,USD,1,,
437762,5.35,USD,1,,
437763,5.15,USD,1,,
437764,4.90,USD,1,,
437765,4.80,USD,1,,
437766,4.75,USD,1,,
437767,4.75,USD,1,,
437768,4.80,USD,1,,
437769,4.80,USD,1,,
437770,4.80,USD,1,,
437771,5.00,USD,1,,
437772,5.25,USD,1,,
437773,5.65,USD,1,,
437774,5.95,USD,1,,
437775,6.30,USD,1,,
437776,6.70,USD,1,,
437777,7.35,USD,1,,
437778,7.80,USD,1,,
437779,6.30,USD,1,,
437780,7.75,USD,1,,
437781,2.55,USD,1,,
437782,2.55,USD,1,,
437783,7.75,USD,1,,
437784,2.55,USD,1,,
437785,7.55,USD,1,,
437786,2.55,USD,1,,
437787,2.55,USD,1,,
437788,2.55,USD,1,,
437789,4.55,USD,1,,
437790,5.00,USD,1,,
437791,7.15,USD,1,,
437792,7.15,USD,1,,
437793,7.15,USD,1,,
437794,7.15,USD,1,,
437795,7.25,USD,1,,
437796,7.30,USD,1,,
437797,7.50,USD,1,,
437798,7.60,USD,1,,
437799,7.75,USD,1,,
437800,13.20,USD,1,,
437801,8.35,USD,1,,
437802,9.30,USD,1,,
437803,9.65,USD,1,,
437804,4.40,USD,1,,
437805,5.20,USD,1,,
437806,7.80,USD,1,,
437807,8.10,USD,1,,
437808,14.20,USD,1,,
437809,8.55,USD,1,,
437810,7.35,USD,1,,
437811,5.40,USD,1,,
437812,5.15,USD,1,,
437813,4.95,USD,1,,
437814,4.70,USD,1,,
437815,4.60,USD,1,,
437816,4.50,USD,1,,
437817,4.50,USD,1,,
437818,4.60,USD,1,,
437819,4.60,USD,1,,
437820,4.60,USD,1,,
437821,4.80,USD,1,,
437822,5.05,USD,1,,
437823,5.45,USD,1,,
437824,5.75,USD,1,,
437825,6.15,USD,1,,
437826,6.50,USD,1,,
437827,7.15,USD,1,,
437828,7.60,USD,1,,
437829,6.10,USD,1,,
437830,7.55,USD,1,,
437831,2.55,USD,1,,
437832,2.55,USD,1,,
437833,7.55,USD,1,,
437834,2.55,USD,1,,
437835,2.55,USD,1,,
437836,7.55,USD,1,,
437837,2.55,USD,1,,
437838,2.55,USD,1,,
437839,4.25,USD,1,,
437840,4.75,USD,1,,
437841,6.95,USD,1,,
437842,6.95,USD,1,,
437843,6.95,USD,1,,
437844,6.95,USD,1,,
437845,7.05,USD,1,,
437846,7.10,USD,1,,
437847,7.30,USD,1,,
437848,7.40,USD,1,,
437849,7.55,USD,1,,
437850,13.00,USD,1,,
437851,8.15,USD,1,,
437852,9.10,USD,1,,
437853,9.45,USD,1,,
437854,4.60,USD,1,,
437855,5.40,USD,1,,
437856,7.30,USD,1,,
437857,7.65,USD,1,,
437858,13.75,USD,1,,
437859,8.10,USD,1,,
437860,6.90,USD,1,,
437861,4.95,USD,1,,
437862,4.70,USD,1,,
437863,4.45,USD,1,,
437864,4.20,USD,1,,
437865,4.10,USD,1,,
437866,3.85,USD,1,,
437867,3.80,USD,1,,
437868,4.00,USD,1,,
437869,4.00,USD,1,,
437870,4.00,USD,1,,
437871,4.30,USD,1,,
437872,4.60,USD,1,,
437873,5.00,USD,1,,
437874,5.25,USD,1,,
437875,5.65,USD,1,,
437876,6.05,USD,1,,
437877,6.70,USD,1,,
437878,7.10,USD,1,,
437879,5.65,USD,1,,
437880,7.10,USD,1,,
437881,4.85,USD,1,,
437882,4.00,USD,1,,
437883,7.05,USD,1,,
437884,2.55,USD,1,,
437885,2.55,USD,1,,
437886,2.55,USD,1,,
437887,7.55,USD,1,,
437888,2.55,USD,1,,
437889,3.50,USD,1,,
437890,4.30,USD,1,,
437891,6.50,USD,1,,
437892,6.50,USD,1,,
437893,6.50,USD,1,,
437894,6.50,USD,1,,
437895,6.55,USD,1,,
437896,6.65,USD,1,,
437897,6.85,USD,1,,
437898,6.90,USD,1,,
437899,7.10,USD,1,,
437900,12.50,USD,1,,
437901,7.70,USD,1,,
437902,8.65,USD,1,,
437903,8.95,USD,1,,
437904,5.05,USD,1,,
437905,5.90,USD,1,,
437906,6.80,USD,1,,
437907,7.15,USD,1,,
437908,13.25,USD,1,,
437909,7.60,USD,1,,
437910,6.40,USD,1,,
437911,4.45,USD,1,,
437912,4.20,USD,1,,
437913,3.85,USD,1,,
437914,3.45,USD,1,,
437915,3.25,USD,1,,
437916,3.05,USD,1,,
437917,2.55,USD,1,,
437918,3.20,USD,1,,
437919,3.20,USD,1,,
437920,3.20,USD,1,,
437921,3.60,USD,1,,
437922,4.05,USD,1,,
437923,4.45,USD,1,,
437924,4.80,USD,1,,
437925,5.15,USD,1,,
437926,5.55,USD,1,,
437927,6.20,USD,1,,
437928,6.65,USD,1,,
437929,5.15,USD,1,,
437930,6.60,USD,1,,
437931,5.35,USD,1,,
437932,4.65,USD,1,,
437933,6.55,USD,1,,
437934,2.55,USD,1,,
437935,2.55,USD,1,,
437936,2.55,USD,1,,
437937,2.55,USD,1,,
437938,7.55,USD,1,,
437939,2.55,USD,1,,
437940,3.50,USD,1,,
437941,5.95,USD,1,,
437942,5.95,USD,1,,
437943,5.95,USD,1,,
437944,5.95,USD,1,,
437945,6.05,USD,1,,
437946,6.15,USD,1,,
437947,6.30,USD,1,,
437948,6.40,USD,1,,
437949,6.60,USD,1,,
437950,12.00,USD,1,,
437951,7.20,USD,1,,
437952,8.15,USD,1,,
437953,8.45,USD,1,,
437954,5.55,USD,1,,
437955,6.40,USD,1,,
437956,6.10,USD,1,,
437957,6.40,USD,1,,
437958,12.55,USD,1,,
437959,6.85,USD,1,,
437960,5.70,USD,1,,
437961,3.55,USD,1,,
437962,3.15,USD,1,,
437963,2.80,USD,1,,
437964,2.55,USD,1,,
437965,2.55,USD,1,,
437966,2.55,USD,1,,
437967,2.55,USD,1,,
437968,2.55,USD,1,,
437969,2.55,USD,1,,
437970,2.55,USD,1,,
437971,2.60,USD,1,,
437972,3.00,USD,1,,
437973,3.60,USD,1,,
437974,4.05,USD,1,,
437975,4.50,USD,1,,
437976,4.85,USD,1,,
437977,5.50,USD,1,,
437978,5.95,USD,1,,
437979,4.45,USD,1,,
437980,5.90,USD,1,,
437981,6.05,USD,1,,
437982,5.40,USD,1,,
437983,5.85,USD,1,,
437984,5.10,USD,1,,
437985,4.55,USD,1,,
437986,4.25,USD,1,,
437987,3.50,USD,1,,
437988,2.55,USD,1,,
437989,7.55,USD,1,,
437990,2.55,USD,1,,
437991,5.10,USD,1,,
437992,5.10,USD,1,,
437993,5.10,USD,1,,
437994,5.10,USD,1,,
437995,5.30,USD,1,,
437996,5.40,USD,1,,
437997,5.60,USD,1,,
437998,5.70,USD,1,,
437999,5.85,USD,1,,
438000,10.95,USD,1,,
438001,6.50,USD,1,,
438002,7.45,USD,1,,
438003,7.80,USD,1,,
438004,6.25,USD,1,,
438005,7.10,USD,1,,
438006,5.65,USD,1,,
438007,6.00,USD,1,,
438008,12.10,USD,1,,
438009,6.45,USD,1,,
438010,5.70,USD,1,,
438011,4.00,USD,1,,
438012,3.55,USD,1,,
438013,3.20,USD,1,,
438014,2.80,USD,1,,
438015,2.65,USD,1,,
438016,2.55,USD,1,,
438017,2.55,USD,1,,
438018,2.55,USD,1,,
438019,2.55,USD,1,,
438020,2.55,USD,1,,
438021,2.55,USD,1,,
438022,2.85,USD,1,,
438023,3.50,USD,1,,
438024,4.00,USD,1,,
438025,4.45,USD,1,,
438026,4.85,USD,1,,
438027,5.50,USD,1,,
438028,5.95,USD,1,,
438029,4.50,USD,1,,
438030,5.95,USD,1,,
438031,6.45,USD,1,,
438032,5.75,USD,1,,
438033,5.40,USD,1,,
438034,5.50,USD,1,,
438035,5.00,USD,1,,
438036,4.75,USD,1,,
438037,4.30,USD,1,,
438038,3.50,USD,1,,
438039,2.55,USD,1,,
438040,7.55,USD,1,,
438041,4.20,USD,1,,
438042,4.20,USD,1,,
438043,4.20,USD,1,,
438044,4.20,USD,1,,
438045,4.55,USD,1,,
438046,4.65,USD,1,,
438047,5.00,USD,1,,
438048,5.20,USD,1,,
438049,5.45,USD,1,,
438050,10.80,USD,1,,
438051,6.55,USD,1,,
438052,7.45,USD,1,,
438053,7.80,USD,1,,
438054,6.65,USD,1,,
438055,7.50,USD,1,,
438056,5.15,USD,1,,
438057,5.70,USD,1,,
438058,11.80,USD,1,,
438059,6.15,USD,1,,
438060,7.85,USD,1,,
438061,6.15,USD,1,,
438062,5.90,USD,1,,
438063,5.70,USD,1,,
438064,5.40,USD,1,,
438065,5.30,USD,1,,
438066,5.10,USD,1,,
438067,4.80,USD,1,,
438068,4.50,USD,1,,
438069,4.50,USD,1,,
438070,4.50,USD,1,,
438071,5.10,USD,1,,
438072,5.50,USD,1,,
438073,5.95,USD,1,,
438074,6.25,USD,1,,
438075,6.65,USD,1,,
438076,7.00,USD,1,,
438077,7.65,USD,1,,
438078,8.10,USD,1,,
438079,6.65,USD,1,,
438080,8.10,USD,1,,
438081,8.60,USD,1,,
438082,7.95,USD,1,,
438083,4.75,USD,1,,
438084,7.70,USD,1,,
438085,7.15,USD,1,,
438086,6.95,USD,1,,
438087,6.50,USD,1,,
438088,5.95,USD,1,,
438089,5.10,USD,1,,
438090,4.20,USD,1,,
438091,7.55,USD,1,,
438092,2.55,USD,1,,
438093,2.55,USD,1,,
438094,2.55,USD,1,,
438095,2.55,USD,1,,
438096,2.55,USD,1,,
438097,2.55,USD,1,,
438098,2.55,USD,1,,
438099,4.30,USD,1,,
438100,13.45,USD,1,,
438101,8.70,USD,1,,
438102,9.65,USD,1,,
438103,9.95,USD,1,,
438104,8.85,USD,1,,
438105,9.65,USD,1,,
438106,5.15,USD,1,,
438107,5.70,USD,1,,
438108,11.80,USD,1,,
438109,6.15,USD,1,,
438110,7.85,USD,1,,
438111,6.15,USD,1,,
438112,5.90,USD,1,,
438113,5.70,USD,1,,
438114,5.40,USD,1,,
438115,5.30,USD,1,,
438116,5.10,USD,1,,
438117,4.80,USD,1,,
438118,4.50,USD,1,,
438119,4.50,USD,1,,
438120,4.50,USD,1,,
438121,5.10,USD,1,,
438122,5.50,USD,1,,
438123,5.95,USD,1,,
438124,6.25,USD,1,,
438125,6.65,USD,1,,
438126,7.00,USD,1,,
438127,7.65,USD,1,,
438128,8.10,USD,1,,
438129,6.65,USD,1,,
438130,8.10,USD,1,,
438131,8.60,USD,1,,
438132,7.95,USD,1,,
438133,4.75,USD,1,,
438134,7.70,USD,1,,
438135,7.15,USD,1,,
438136,6.95,USD,1,,
438137,6.50,USD,1,,
438138,5.95,USD,1,,
438139,5.10,USD,1,,
438140,4.20,USD,1,,
438141,2.55,USD,1,,
438142,7.55,USD,1,,
438143,2.55,USD,1,,
438144,2.55,USD,1,,
438145,2.55,USD,1,,
438146,2.55,USD,1,,
438147,2.55,USD,1,,
438148,2.55,USD,1,,
438149,4.30,USD,1,,
438150,13.45,USD,1,,
438151,8.70,USD,1,,
438152,9.65,USD,1,,
438153,9.95,USD,1,,
438154,8.85,USD,1,,
438155,9.65,USD,1,,
438156,5.15,USD,1,,
438157,5.70,USD,1,,
438158,11.80,USD,1,,
438159,6.15,USD,1,,
438160,7.85,USD,1,,
438161,6.15,USD,1,,
438162,5.90,USD,1,,
438163,5.70,USD,1,,
438164,5.40,USD,1,,
438165,5.30,USD,1,,
438166,5.10,USD,1,,
438167,4.80,USD,1,,
438168,4.50,USD,1,,
438169,4.50,USD,1,,
438170,4.50,USD,1,,
438171,5.10,USD,1,,
438172,5.50,USD,1,,
438173,5.95,USD,1,,
438174,6.25,USD,1,,
438175,6.65,USD,1,,
438176,7.00,USD,1,,
438177,7.65,USD,1,,
438178,8.10,USD,1,,
438179,6.65,USD,1,,
438180,8.10,USD,1,,
438181,8.60,USD,1,,
438182,7.95,USD,1,,
438183,4.75,USD,1,,
438184,7.70,USD,1,,
438185,7.15,USD,1,,
438186,6.95,USD,1,,
438187,6.50,USD,1,,
438188,5.95,USD,1,,
438189,5.10,USD,1,,
438190,4.20,USD,1,,
438191,2.55,USD,1,,
438192,2.55,USD,1,,
438193,7.55,USD,1,,
438194,2.55,USD,1,,
438195,2.55,USD,1,,
438196,2.55,USD,1,,
438197,2.55,USD,1,,
438198,2.55,USD,1,,
438199,4.30,USD,1,,
438200,13.45,USD,1,,
438201,8.70,USD,1,,
438202,9.65,USD,1,,
438203,9.95,USD,1,,
438204,8.85,USD,1,,
438205,9.65,USD,1,,
438206,5.15,USD,1,,
438207,5.70,USD,1,,
438208,11.80,USD,1,,
438209,6.15,USD,1,,
438210,7.85,USD,1,,
438211,6.15,USD,1,,
438212,5.90,USD,1,,
438213,5.70,USD,1,,
438214,5.40,USD,1,,
438215,5.30,USD,1,,
438216,5.10,USD,1,,
438217,4.80,USD,1,,
438218,4.50,USD,1,,
438219,4.50,USD,1,,
438220,4.50,USD,1,,
438221,5.10,USD,1,,
438222,5.50,USD,1,,
438223,5.95,USD,1,,
438224,6.25,USD,1,,
438225,6.65,USD,1,,
438226,7.00,USD,1,,
438227,7.65,USD,1,,
438228,8.10,USD,1,,
438229,6.65,USD,1,,
438230,8.10,USD,1,,
438231,8.60,USD,1,,
438232,7.95,USD,1,,
438233,4.75,USD,1,,
438234,7.70,USD,1,,
438235,7.15,USD,1,,
438236,6.95,USD,1,,
438237,6.50,USD,1,,
438238,5.95,USD,1,,
438239,5.10,USD,1,,
438240,4.20,USD,1,,
438241,2.55,USD,1,,
438242,2.55,USD,1,,
438243,2.55,USD,1,,
438244,7.55,USD,1,,
438245,2.55,USD,1,,
438246,2.55,USD,1,,
438247,2.55,USD,1,,
438248,2.55,USD,1,,
438249,4.30,USD,1,,
438250,13.45,USD,1,,
438251,8.70,USD,1,,
438252,9.65,USD,1,,
438253,9.95,USD,1,,
438254,8.85,USD,1,,
438255,9.65,USD,1,,
438256,4.95,USD,1,,
438257,5.45,USD,1,,
438258,11.70,USD,1,,
438259,6.05,USD,1,,
438260,7.95,USD,1,,
438261,6.25,USD,1,,
438262,6.00,USD,1,,
438263,5.75,USD,1,,
438264,5.50,USD,1,,
438265,5.45,USD,1,,
438266,5.35,USD,1,,
438267,5.00,USD,1,,
438268,4.75,USD,1,,
438269,4.75,USD,1,,
438270,4.75,USD,1,,
438271,5.35,USD,1,,
438272,5.65,USD,1,,
438273,6.05,USD,1,,
438274,6.35,USD,1,,
438275,6.75,USD,1,,
438276,7.10,USD,1,,
438277,7.75,USD,1,,
438278,8.20,USD,1,,
438279,6.70,USD,1,,
438280,8.20,USD,1,,
438281,8.70,USD,1,,
438282,8.05,USD,1,,
438283,4.55,USD,1,,
438284,7.80,USD,1,,
438285,7.25,USD,1,,
438286,7.05,USD,1,,
438287,6.55,USD,1,,
438288,6.05,USD,1,,
438289,5.30,USD,1,,
438290,4.55,USD,1,,
438291,2.55,USD,1,,
438292,2.55,USD,1,,
438293,2.55,USD,1,,
438294,2.55,USD,1,,
438295,7.55,USD,1,,
438296,2.55,USD,1,,
438297,2.55,USD,1,,
438298,2.55,USD,1,,
438299,4.05,USD,1,,
438300,13.60,USD,1,,
438301,8.75,USD,1,,
438302,9.70,USD,1,,
438303,10.05,USD,1,,
438304,8.95,USD,1,,
438305,9.75,USD,1,,
438306,4.80,USD,1,,
438307,5.30,USD,1,,
438308,11.60,USD,1,,
438309,6.00,USD,1,,
438310,8.05,USD,1,,
438311,6.35,USD,1,,
438312,6.05,USD,1,,
438313,5.85,USD,1,,
438314,5.60,USD,1,,
438315,5.50,USD,1,,
438316,5.40,USD,1,,
438317,5.15,USD,1,,
438318,4.90,USD,1,,
438319,4.90,USD,1,,
438320,4.90,USD,1,,
438321,5.50,USD,1,,
438322,5.75,USD,1,,
438323,6.10,USD,1,,
438324,6.40,USD,1,,
438325,6.80,USD,1,,
438326,7.20,USD,1,,
438327,7.85,USD,1,,
438328,8.25,USD,1,,
438329,6.80,USD,1,,
438330,8.25,USD,1,,
438331,8.80,USD,1,,
438332,8.10,USD,1,,
438333,4.40,USD,1,,
438334,7.85,USD,1,,
438335,7.30,USD,1,,
438336,7.10,USD,1,,
438337,6.65,USD,1,,
438338,6.15,USD,1,,
438339,5.40,USD,1,,
438340,4.65,USD,1,,
438341,2.55,USD,1,,
438342,2.55,USD,1,,
438343,2.55,USD,1,,
438344,2.55,USD,1,,
438345,2.55,USD,1,,
438346,7.55,USD,1,,
438347,2.55,USD,1,,
438348,2.55,USD,1,,
438349,4.05,USD,1,,
438350,13.65,USD,1,,
438351,8.85,USD,1,,
438352,9.80,USD,1,,
438353,10.10,USD,1,,
438354,9.00,USD,1,,
438355,9.85,USD,1,,
438356,4.45,USD,1,,
438357,5.00,USD,1,,
438358,11.25,USD,1,,
438359,5.65,USD,1,,
438360,8.25,USD,1,,
438361,6.50,USD,1,,
438362,6.25,USD,1,,
438363,6.05,USD,1,,
438364,5.80,USD,1,,
438365,5.70,USD,1,,
438366,5.60,USD,1,,
438367,5.45,USD,1,,
438368,5.20,USD,1,,
438369,5.20,USD,1,,
438370,5.20,USD,1,,
438371,5.65,USD,1,,
438372,5.90,USD,1,,
438373,6.30,USD,1,,
438374,6.60,USD,1,,
438375,7.00,USD,1,,
438376,7.40,USD,1,,
438377,8.05,USD,1,,
438378,8.45,USD,1,,
438379,7.00,USD,1,,
438380,8.45,USD,1,,
438381,9.00,USD,1,,
438382,8.30,USD,1,,
438383,4.25,USD,1,,
438384,8.05,USD,1,,
438385,7.50,USD,1,,
438386,7.30,USD,1,,
438387,6.85,USD,1,,
438388,6.30,USD,1,,
438389,5.60,USD,1,,
438390,5.00,USD,1,,
438391,2.55,USD,1,,
438392,2.55,USD,1,,
438393,2.55,USD,1,,
438394,2.55,USD,1,,
438395,2.55,USD,1,,
438396,2.55,USD,1,,
438397,7.55,USD,1,,
438398,2.55,USD,1,,
438399,4.05,USD,1,,
438400,13.85,USD,1,,
438401,9.05,USD,1,,
438402,10.00,USD,1,,
438403,10.30,USD,1,,
438404,9.20,USD,1,,
438405,10.05,USD,1,,
438406,4.25,USD,1,,
438407,4.80,USD,1,,
438408,11.10,USD,1,,
438409,5.50,USD,1,,
438410,8.30,USD,1,,
438411,6.60,USD,1,,
438412,6.35,USD,1,,
438413,6.10,USD,1,,
438414,5.85,USD,1,,
438415,5.80,USD,1,,
438416,5.70,USD,1,,
438417,5.50,USD,1,,
438418,5.40,USD,1,,
438419,5.40,USD,1,,
438420,5.40,USD,1,,
438421,5.75,USD,1,,
438422,6.00,USD,1,,
438423,6.40,USD,1,,
438424,6.70,USD,1,,
438425,7.10,USD,1,,
438426,7.45,USD,1,,
438427,8.10,USD,1,,
438428,8.55,USD,1,,
438429,7.10,USD,1,,
438430,8.55,USD,1,,
438431,9.10,USD,1,,
438432,8.40,USD,1,,
438433,4.25,USD,1,,
438434,8.15,USD,1,,
438435,7.60,USD,1,,
438436,7.40,USD,1,,
438437,6.90,USD,1,,
438438,6.40,USD,1,,
438439,5.70,USD,1,,
438440,5.20,USD,1,,
438441,2.55,USD,1,,
438442,2.55,USD,1,,
438443,2.55,USD,1,,
438444,2.55,USD,1,,
438445,2.55,USD,1,,
438446,2.55,USD,1,,
438447,2.55,USD,1,,
438448,7.55,USD,1,,
438449,4.05,USD,1,,
438450,13.95,USD,1,,
438451,9.15,USD,1,,
438452,10.10,USD,1,,
438453,10.40,USD,1,,
438454,9.30,USD,1,,
438455,10.10,USD,1,,
438456,4.25,USD,1,,
438457,4.25,USD,1,,
438458,10.80,USD,1,,
438459,5.20,USD,1,,
438460,8.50,USD,1,,
438461,6.80,USD,1,,
438462,6.50,USD,1,,
438463,6.30,USD,1,,
438464,6.05,USD,1,,
438465,5.95,USD,1,,
438466,5.85,USD,1,,
438467,5.70,USD,1,,
438468,5.55,USD,1,,
438469,5.55,USD,1,,
438470,5.55,USD,1,,
438471,5.95,USD,1,,
438472,6.20,USD,1,,
438473,6.55,USD,1,,
438474,6.90,USD,1,,
438475,7.25,USD,1,,
438476,7.65,USD,1,,
438477,8.30,USD,1,,
438478,8.70,USD,1,,
438479,7.25,USD,1,,
438480,8.70,USD,1,,
438481,9.25,USD,1,,
438482,8.55,USD,1,,
438483,4.25,USD,1,,
438484,8.30,USD,1,,
438485,7.75,USD,1,,
438486,7.55,USD,1,,
438487,7.10,USD,1,,
438488,6.60,USD,1,,
438489,5.85,USD,1,,
438490,5.45,USD,1,,
438491,4.30,USD,1,,
438492,4.30,USD,1,,
438493,4.30,USD,1,,
438494,4.30,USD,1,,
438495,4.05,USD,1,,
438496,4.05,USD,1,,
438497,4.05,USD,1,,
438498,4.05,USD,1,,
438499,7.55,USD,1,,
438500,14.10,USD,1,,
438501,9.30,USD,1,,
438502,10.25,USD,1,,
438503,10.55,USD,1,,
438504,9.45,USD,1,,
438505,10.30,USD,1,,
438506,14.30,USD,1,,
438507,14.65,USD,1,,
438508,20.75,USD,1,,
438509,15.10,USD,1,,
438510,12.90,USD,1,,
438511,12.45,USD,1,,
438512,12.15,USD,1,,
438513,11.95,USD,1,,
438514,11.50,USD,1,,
438515,11.35,USD,1,,
438516,11.15,USD,1,,
438517,10.85,USD,1,,
438518,10.50,USD,1,,
438519,10.50,USD,1,,
438520,10.50,USD,1,,
438521,10.50,USD,1,,
438522,7.95,USD,1,,
438523,10.50,USD,1,,
438524,10.50,USD,1,,
438525,11.30,USD,1,,
438526,11.90,USD,1,,
438527,12.70,USD,1,,
438528,13.15,USD,1,,
438529,11.30,USD,1,,
438530,13.15,USD,1,,
438531,14.65,USD,1,,
438532,14.00,USD,1,,
438533,14.10,USD,1,,
438534,13.70,USD,1,,
438535,13.20,USD,1,,
438536,13.00,USD,1,,
438537,12.50,USD,1,,
438538,12.00,USD,1,,
438539,10.95,USD,1,,
438540,10.80,USD,1,,
438541,13.45,USD,1,,
438542,13.45,USD,1,,
438543,13.45,USD,1,,
438544,13.45,USD,1,,
438545,13.60,USD,1,,
438546,13.65,USD,1,,
438547,13.85,USD,1,,
438548,13.95,USD,1,,
438549,14.10,USD,1,,
438550,7.55,USD,1,,
438551,13.75,USD,1,,
438552,14.70,USD,1,,
438553,15.00,USD,1,,
438554,14.90,USD,1,,
438555,15.70,USD,1,,
438556,9.50,USD,1,,
438557,9.85,USD,1,,
438558,15.95,USD,1,,
438559,10.30,USD,1,,
438560,6.70,USD,1,,
438561,7.60,USD,1,,
438562,7.35,USD,1,,
438563,7.10,USD,1,,
438564,6.85,USD,1,,
438565,6.80,USD,1,,
438566,6.70,USD,1,,
438567,6.50,USD,1,,
438568,6.40,USD,1,,
438569,6.40,USD,1,,
438570,6.40,USD,1,,
438571,6.05,USD,1,,
438572,5.80,USD,1,,
438573,5.40,USD,1,,
438574,5.10,USD,1,,
438575,4.75,USD,1,,
438576,2.55,USD,1,,
438577,2.55,USD,1,,
438578,2.55,USD,1,,
438579,5.45,USD,1,,
438580,6.95,USD,1,,
438581,9.85,USD,1,,
438582,9.15,USD,1,,
438583,9.25,USD,1,,
438584,8.90,USD,1,,
438585,8.35,USD,1,,
438586,8.15,USD,1,,
438587,7.70,USD,1,,
438588,7.20,USD,1,,
438589,6.50,USD,1,,
438590,6.55,USD,1,,
438591,8.70,USD,1,,
438592,8.70,USD,1,,
438593,8.70,USD,1,,
438594,8.70,USD,1,,
438595,8.75,USD,1,,
438596,8.85,USD,1,,
438597,9.05,USD,1,,
438598,9.15,USD,1,,
438599,9.30,USD,1,,
438600,13.75,USD,1,,
438601,7.55,USD,1,,
438602,3.10,USD,1,,
438603,3.65,USD,1,,
438604,10.05,USD,1,,
438605,10.90,USD,1,,
438606,10.45,USD,1,,
438607,10.80,USD,1,,
438608,16.90,USD,1,,
438609,11.25,USD,1,,
438610,7.65,USD,1,,
438611,8.55,USD,1,,
438612,8.30,USD,1,,
438613,8.05,USD,1,,
438614,7.80,USD,1,,
438615,7.75,USD,1,,
438616,7.65,USD,1,,
438617,7.45,USD,1,,
438618,7.35,USD,1,,
438619,7.35,USD,1,,
438620,7.35,USD,1,,
438621,7.00,USD,1,,
438622,6.75,USD,1,,
438623,6.35,USD,1,,
438624,6.05,USD,1,,
438625,5.70,USD,1,,
438626,5.30,USD,1,,
438627,4.65,USD,1,,
438628,4.05,USD,1,,
438629,6.40,USD,1,,
438630,7.90,USD,1,,
438631,10.80,USD,1,,
438632,10.10,USD,1,,
438633,10.20,USD,1,,
438634,9.85,USD,1,,
438635,9.30,USD,1,,
438636,9.10,USD,1,,
438637,8.65,USD,1,,
438638,8.15,USD,1,,
438639,7.45,USD,1,,
438640,7.45,USD,1,,
438641,9.65,USD,1,,
438642,9.65,USD,1,,
438643,9.65,USD,1,,
438644,9.65,USD,1,,
438645,9.70,USD,1,,
438646,9.80,USD,1,,
438647,10.00,USD,1,,
438648,10.10,USD,1,,
438649,10.25,USD,1,,
438650,14.70,USD,1,,
438651,3.10,USD,1,,
438652,7.55,USD,1,,
438653,2.55,USD,1,,
438654,11.00,USD,1,,
438655,11.85,USD,1,,
438656,10.80,USD,1,,
438657,11.10,USD,1,,
438658,17.25,USD,1,,
438659,11.55,USD,1,,
438660,8.00,USD,1,,
438661,8.90,USD,1,,
438662,8.60,USD,1,,
438663,8.40,USD,1,,
438664,8.15,USD,1,,
438665,8.10,USD,1,,
438666,7.95,USD,1,,
438667,7.80,USD,1,,
438668,7.70,USD,1,,
438669,7.70,USD,1,,
438670,7.70,USD,1,,
438671,7.35,USD,1,,
438672,7.05,USD,1,,
438673,6.70,USD,1,,
438674,6.40,USD,1,,
438675,6.00,USD,1,,
438676,5.60,USD,1,,
438677,5.00,USD,1,,
438678,4.55,USD,1,,
438679,6.75,USD,1,,
438680,8.20,USD,1,,
438681,11.10,USD,1,,
438682,10.45,USD,1,,
438683,10.55,USD,1,,
438684,10.20,USD,1,,
438685,9.65,USD,1,,
438686,9.45,USD,1,,
438687,8.95,USD,1,,
438688,8.45,USD,1,,
438689,7.80,USD,1,,
438690,7.80,USD,1,,
438691,9.95,USD,1,,
438692,9.95,USD,1,,
438693,9.95,USD,1,,
438694,9.95,USD,1,,
438695,10.05,USD,1,,
438696,10.10,USD,1,,
438697,10.30,USD,1,,
438698,10.40,USD,1,,
438699,10.55,USD,1,,
438700,15.00,USD,1,,
438701,3.65,USD,1,,
438702,2.55,USD,1,,
438703,7.55,USD,1,,
438704,11.35,USD,1,,
438705,12.15,USD,1,,
438706,9.65,USD,1,,
438707,10.00,USD,1,,
438708,16.10,USD,1,,
438709,10.45,USD,1,,
438710,9.25,USD,1,,
438711,7.30,USD,1,,
438712,7.05,USD,1,,
438713,6.80,USD,1,,
438714,6.55,USD,1,,
438715,6.50,USD,1,,
438716,6.45,USD,1,,
438717,6.45,USD,1,,
438718,6.50,USD,1,,
438719,6.50,USD,1,,
438720,6.50,USD,1,,
438721,6.70,USD,1,,
438722,6.95,USD,1,,
438723,7.35,USD,1,,
438724,7.65,USD,1,,
438725,8.00,USD,1,,
438726,8.40,USD,1,,
438727,9.05,USD,1,,
438728,9.50,USD,1,,
438729,8.00,USD,1,,
438730,9.45,USD,1,,
438731,2.55,USD,1,,
438732,2.55,USD,1,,
438733,9.40,USD,1,,
438734,2.55,USD,1,,
438735,4.40,USD,1,,
438736,4.60,USD,1,,
438737,5.05,USD,1,,
438738,5.55,USD,1,,
438739,6.25,USD,1,,
438740,6.65,USD,1,,
438741,8.85,USD,1,,
438742,8.85,USD,1,,
438743,8.85,USD,1,,
438744,8.85,USD,1,,
438745,8.95,USD,1,,
438746,9.00,USD,1,,
438747,9.20,USD,1,,
438748,9.30,USD,1,,
438749,9.45,USD,1,,
438750,14.90,USD,1,,
438751,10.05,USD,1,,
438752,11.00,USD,1,,
438753,11.35,USD,1,,
438754,7.55,USD,1,,
438755,2.55,USD,1,,
438756,10.50,USD,1,,
438757,10.85,USD,1,,
438758,16.95,USD,1,,
438759,11.30,USD,1,,
438760,10.10,USD,1,,
438761,8.15,USD,1,,
438762,7.85,USD,1,,
438763,7.65,USD,1,,
438764,7.40,USD,1,,
438765,7.35,USD,1,,
438766,7.30,USD,1,,
438767,7.30,USD,1,,
438768,7.30,USD,1,,
438769,7.30,USD,1,,
438770,7.30,USD,1,,
438771,7.55,USD,1,,
438772,7.80,USD,1,,
438773,8.15,USD,1,,
438774,8.45,USD,1,,
438775,8.85,USD,1,,
438776,9.25,USD,1,,
438777,9.90,USD,1,,
438778,10.30,USD,1,,
438779,8.85,USD,1,,
438780,10.30,USD,1,,
438781,2.55,USD,1,,
438782,4.45,USD,1,,
438783,10.25,USD,1,,
438784,4.70,USD,1,,
438785,5.20,USD,1,,
438786,5.40,USD,1,,
438787,5.90,USD,1,,
438788,6.40,USD,1,,
438789,7.10,USD,1,,
438790,7.50,USD,1,,
438791,9.65,USD,1,,
438792,9.65,USD,1,,
438793,9.65,USD,1,,
438794,9.65,USD,1,,
438795,9.75,USD,1,,
438796,9.85,USD,1,,
438797,10.05,USD,1,,
438798,10.10,USD,1,,
438799,10.30,USD,1,,
438800,15.70,USD,1,,
438801,10.90,USD,1,,
438802,11.85,USD,1,,
438803,12.15,USD,1,,
438804,2.55,USD,1,,
438805,7.55,USD,1,,