fare_id,route_id,origin_id,destination_id,contains_id
436306,,79657,79657,
436307,,79657,79658,
436308,,79657,79660,
436309,,79657,79659,
436310,,79657,79635,
436311,,79657,79652,
436312,,79657,79651,
436313,,79657,79650,
436314,,79657,79649,
436315,,79657,79648,
436316,,79657,79647,
436317,,79657,79633,
436318,,79657,79632,
436319,,79657,79631,
436320,,79657,79611,
436321,,79657,79612,
436322,,79657,79613,
436323,,79657,79614,
436324,,79657,79615,
436325,,79657,79616,
436326,,79657,79617,
436327,,79657,79618,
436328,,79657,79619,
436329,,79657,79634,
436330,,79657,79636,
436331,,79657,79627,
436332,,79657,79626,
436333,,79657,79656,
436334,,79657,79625,
436335,,79657,79624,
436336,,79657,79623,
436337,,79657,79622,
436338,,79657,79621,
436339,,79657,79620,
436340,,79657,79637,
436341,,79657,79638,
436342,,79657,79639,
436343,,79657,79640,
436344,,79657,79641,
436345,,79657,79642,
436346,,79657,79643,
436347,,79657,79644,
436348,,79657,79645,
436349,,79657,79646,
436350,,79657,79630,
436351,,79657,79653,
436352,,79657,79654,
436353,,79657,79655,
436354,,79657,79628,
436355,,79657,79629,
436356,,79658,79657,
436357,,79658,79658,
436358,,79658,79660,
436359,,79658,79659,
436360,,79658,79635,
436361,,79658,79652,
436362,,79658,79651,
436363,,79658,79650,
436364,,79658,79649,
436365,,79658,79648,
436366,,79658,79647,
436367,,79658,79633,
436368,,79658,79632,
436369,,79658,79631,
436370,,79658,79611,
436371,,79658,79612,
436372,,79658,79613,
436373,,79658,79614,
436374,,79658,79615,
436375,,79658,79616,
436376,,79658,79617,
436377,,79658,79618,
436378,,79658,79619,
436379,,79658,79634,
436380,,79658,79636,
436381,,79658,79627,
436382,,79658,79626,
436383,,79658,79656,
436384,,79658,79625,
436385,,79658,79624,
436386,,79658,79623,
436387,,79658,79622,
436388,,79658,79621,
436389,,79658,79620,
436390,,79658,79637,
436391,,79658,79638,
436392,,79658,79639,
436393,,79658,79640,
436394,,79658,79641,
436395,,79658,79642,
436396,,79658,79643,
436397,,79658,79644,
436398,,79658,79645,
436399,,79658,79646,
436400,,79658,79630,
436401,,79658,79653,
436402,,79658,79654,
436403,,79658,79655,
436404,,79658,79628,
436405,,79658,79629,
436406,,79660,79657,
436407,,79660,79658,
436408,,79660,79660,
436409,,79660,79659,
436410,,79660,79635,
436411,,79660,79652,
436412,,79660,79651,
436413,,79660,79650,
436414,,79660,79649,
436415,,79660,79648,
436416,,79660,79647,
436417,,79660,79633,
436418,,79660,79632,
436419,,79660,79631,
436420,,79660,79611,
436421,,79660,79612,
436422,,79660,79613,
436423,,79660,79614,
436424,,79660,79615,
436425,,79660,79616,
436426,,79660,79617,
436427,,79660,79618,
436428,,79660,79619,
436429,,79660,79634,
436430,,79660,79636,
436431,,79660,79627,
436432,,79660,79626,
436433,,79660,79656,
436434,,79660,79625,
436435,,79660,79624,
436436,,79660,79623,
436437,,79660,79622,
436438,,79660,79621,
436439,,79660,79620,
436440,,79660,79637,
436441,,79660,79638,
436442,,79660,79639,
436443,,79660,79640,
436444,,79660,79641,
436445,,79660,79642,
436446,,79660,79643,
436447,,79660,79644,
436448,,79660,79645,
436449,,79660,79646,
436450,,79660,79630,
436451,,79660,79653,
436452,,79660,79654,
436453,,79660,79655,
436454,,79660,79628,
436455,,79660,79629,
436456,,79659,79657,
436457,,79659,79658,
436458,,79659,79660,
436459,,79659,79659,
436460,,79659,79635,
436461,,79659,79652,
436462,,79659,79651,
436463,,79659,79650,
436464,,79659,79649,
436465,,79659,79648,
436466,,79659,79647,
436467,,79659,79633,
436468,,79659,79632,
436469,,79659,79631,
436470,,79659,79611,
436471,,79659,79612,
436472,,79659,79613,
436473,,79659,79614,
436474,,79659,79615,
436475,,79659,79616,
436476,,79659,79617,
436477,,79659,79618,
436478,,79659,79619,
436479,,79659,79634,
436480,,79659,79636,
436481,,79659,79627,
436482,,79659,79626,
436483,,79659,79656,
436484,,79659,79625,
436485,,79659,79624,
436486,,79659,79623,
436487,,79659,79622,
436488,,79659,79621,
436489,,79659,79620,
436490,,79659,79637,
436491,,79659,79638,
436492,,79659,79639,
436493,,79659,79640,
436494,,79659,79641,
436495,,79659,79642,
436496,,79659,79643,
436497,,79659,79644,
436498,,79659,79645,
436499,,79659,79646,
436500,,79659,79630,
436501,,79659,79653,
436502,,79659,79654,
436503,,79659,79655,
436504,,79659,79628,
436505,,79659,79629,
436506,,79635,79657,
436507,,79635,79658,
436508,,79635,79660,
436509,,79635,79659,
436510,,79635,79635,
436511,,79635,79652,
436512,,79635,79651,
436513,,79635,79650,
436514,,79635,79649,
436515,,79635,79648,
436516,,79635,79647,
436517,,79635,79633,
436518,,79635,79632,
436519,,79635,79631,
436520,,79635,79611,
436521,,79635,79612,
436522,,79635,79613,
436523,,79635,79614,
436524,,79635,79615,
436525,,79635,79616,
436526,,79635,79617,
436527,,79635,79618,
436528,,79635,79619,
436529,,79635,79634,
436530,,79635,79636,
436531,,79635,79627,
436532,,79635,79626,
436533,,79635,79656,
436534,,79635,79625,
436535,,79635,79624,
436536,,79635,79623,
436537,,79635,79622,
436538,,79635,79621,
436539,,79635,79620,
436540,,79635,79637,
436541,,79635,79638,
436542,,79635,79639,
436543,,79635,79640,
436544,,79635,79641,
436545,,79635,79642,
436546,,79635,79643,
436547,,79635,79644,
436548,,79635,79645,
436549,,79635,79646,
436550,,79635,79630,
436551,,79635,79653,
436552,,79635,79654,
436553,,79635,79655,
436554,,79635,79628,
436555,,79635,79629,
436556,,79652,79657,
436557,,79652,79658,
436558,,79652,79660,
436559,,79652,79659,
436560,,79652,79635,
436561,,79652,79652,
436562,,79652,79651,
436563,,79652,79650,
436564,,79652,79649,
436565,,79652,79648,
436566,,79652,79647,
436567,,79652,79633,
436568,,79652,79632,
436569,,79652,79631,
436570,,79652,79611,
436571,,79652,79612,
436572,,79652,79613,
436573,,79652,79614,
436574,,79652,79615,
436575,,79652,79616,
436576,,79652,79617,
436577,,79652,79618,
436578,,79652,79619,
436579,,79652,79634,
436580,,79652,79636,
436581,,79652,79627,
436582,,79652,79626,
436583,,79652,79656,
436584,,79652,79625,
436585,,79652,79624,
436586,,79652,79623,
436587,,79652,79622,
436588,,79652,79621,
436589,,79652,79620,
436590,,79652,79637,
436591,,79652,79638,
436592,,79652,79639,
436593,,79652,79640,
436594,,79652,79641,
436595,,79652,79642,
436596,,79652,79643,
436597,,79652,79644,
436598,,79652,79645,
436599,,79652,79646,
436600,,79652,79630,
436601,,79652,79653,
436602,,79652,79654,
436603,,79652,79655,
436604,,79652,79628,
436605,,79652,79629,
436606,,79651,79657,
436607,,79651,79658,
436608,,79651,79660,
436609,,79651,79659,
436610,,79651,79635,
436611,,79651,79652,
436612,,79651,79651,
436613,,79651,79650,
436614,,79651,79649,
436615,,79651,79648,
436616,,79651,79647,
436617,,79651,79633,
436618,,79651,79632,
436619,,79651,79631,
436620,,79651,79611,
436621,,79651,79612,
436622,,79651,79613,
436623,,79651,79614,
436624,,79651,79615,
436625,,79651,79616,
436626,,79651,79617,
436627,,79651,79618,
436628,,79651,79619,
436629,,79651,79634,
436630,,79651,79636,
436631,,79651,79627,
436632,,79651,79626,
436633,,79651,79656,
436634,,79651,79625,
436635,,79651,79624,
436636,,79651,79623,
436637,,79651,79622,
436638,,79651,79621,
436639,,79651,79620,
436640,,79651,79637,
436641,,79651,79638,
436642,,79651,79639,
436643,,79651,79640,
436644,,79651,79641,
436645,,79651,79642,
436646,,79651,79643,
436647,,79651,79644,
436648,,79651,79645,
436649,,79651,79646,
436650,,79651,79630,
436651,,79651,79653,
436652,,79651,79654,
436653,,79651,79655,
436654,,79651,79628,
436655,,79651,79629,
436656,,79650,79657,
436657,,79650,79658,
436658,,79650,79660,
436659,,79650,79659,
436660,,79650,79635,
436661,,79650,79652,
436662,,79650,79651,
436663,,79650,79650,
436664,,79650,79649,
436665,,79650,79648,
436666,,79650,79647,
436667,,79650,79633,
436668,,79650,79632,
436669,,79650,79631,
436670,,79650,79611,
436671,,79650,79612,
436672,,79650,79613,
436673,,79650,79614,
436674,,79650,79615,
436675,,79650,79616,
436676,,79650,79617,
436677,,79650,79618,
436678,,79650,79619,
436679,,79650,79634,
436680,,79650,79636,
436681,,79650,79627,
436682,,79650,79626,
436683,,79650,79656,
436684,,79650,79625,
436685,,79650,79624,
436686,,79650,79623,
436687,,79650,79622,
436688,,79650,79621,
436689,,79650,79620,
436690,,79650,79637,
436691,,79650,79638,
436692,,79650,79639,
436693,,79650,79640,
436694,,79650,79641,
436695,,79650,79642,
436696,,79650,79643,
436697,,79650,79644,
436698,,79650,79645,
436699,,79650,79646,
436700,,79650,79630,
436701,,79650,79653,
436702,,79650,79654,
436703,,79650,79655,
436704,,79650,79628,
436705,,79650,79629,
436706,,79649,79657,
436707,,79649,79658,
436708,,79649,79660,
436709,,79649,79659,
436710,,79649,79635,
436711,,79649,79652,
436712,,79649,79651,
436713,,79649,79650,
436714,,79649,79649,
436715,,79649,79648,
436716,,79649,79647,
436717,,79649,79633,
436718,,79649,79632,
436719,,79649,79631,
436720,,79649,79611,
436721,,79649,79612,
436722,,79649,79613,
436723,,79649,79614,
436724,,79649,79615,
436725,,79649,79616,
436726,,79649,79617,
436727,,79649,79618,
436728,,79649,79619,
436729,,79649,79634,
436730,,79649,79636,
436731,,79649,79627,
436732,,79649,79626,
436733,,79649,79656,
436734,,79649,79625,
436735,,79649,79624,
436736,,79649,79623,
436737,,79649,79622,
436738,,79649,79621,
436739,,79649,79620,
436740,,79649,79637,
436741,,79649,79638,
436742,,79649,79639,
436743,,79649,79640,
436744,,79649,79641,
436745,,79649,79642,
436746,,79649,79643,
436747,,79649,79644,
436748,,79649,79645,
436749,,79649,79646,
436750,,79649,79630,
436751,,79649,79653,
436752,,79649,79654,
436753,,79649,79655,
436754,,79649,79628,
436755,,79649,79629,
436756,,79648,79657,
436757,,79648,79658,
436758,,79648,79660,
436759,,79648,79659,
436760,,79648,79635,
436761,,79648,79652,
436762,,79648,79651,
436763,,79648,79650,
436764,,79648,79649,
436765,,79648,79648,
436766,,79648,79647,
436767,,79648,79633,
436768,,79648,79632,
436769,,79648,79631,
436770,,79648,79611,
436771,,79648,79612,
436772,,79648,79613,
436773,,79648,79614,
436774,,79648,79615,
436775,,79648,79616,
436776,,79648,79617,
436777,,79648,79618,
436778,,79648,79619,
436779,,79648,79634,
436780,,79648,79636,
436781,,79648,79627,
436782,,79648,79626,
436783,,79648,79656,
436784,,79648,79625,
436785,,79648,79624,
436786,,79648,79623,
436787,,79648,79622,
436788,,79648,79621,
436789,,79648,79620,
436790,,79648,79637,
436791,,79648,79638,
436792,,79648,79639,
436793,,79648,79640,
436794,,79648,79641,
436795,,79648,79642,
436796,,79648,79643,
436797,,79648,79644,
436798,,79648,79645,
436799,,79648,79646,
436800,,79648,79630,
436801,,79648,79653,
436802,,79648,79654,
436803,,79648,79655,
436804,,79648,79628,
436805,,79648,79629,
436806,,79647,79657,
436807,,79647,79658,
436808,,79647,79660,
436809,,79647,79659,
436810,,79647,79635,
436811,,79647,79652,
436812,,79647,79651,
436813,,79647,79650,
436814,,79647,79649,
436815,,79647,79648,
436816,,79647,79647,
436817,,79647,79633,
436818,,79647,79632,
436819,,79647,79631,
436820,,79647,79611,
436821,,79647,79612,
436822,,79647,79613,
436823,,79647,79614,
436824,,79647,79615,
436825,,79647,79616,
436826,,79647,79617,
436827,,79647,79618,
436828,,79647,79619,
436829,,79647,79634,
436830,,79647,79636,
436831,,79647,79627,
436832,,79647,79626,
436833,,79647,79656,
436834,,79647,79625,
436835,,79647,79624,
436836,,79647,79623,
436837,,79647,79622,
436838,,79647,79621,
436839,,79647,79620,
436840,,79647,79637,
436841,,79647,79638,
436842,,79647,79639,
436843,,79647,79640,
436844,,79647,79641,
436845,,79647,79642,
436846,,79647,79643,
436847,,79647,79644,
436848,,79647,79645,
436849,,79647,79646,
436850,,79647,79630,
436851,,79647,79653,
436852,,79647,79654,
436853,,79647,79655,
436854,,79647,79628,
436855,,79647,79629,
436856,,79633,79657,
436857,,79633,79658,
436858,,79633,79660,
436859,,79633,79659,
436860,,79633,79635,
436861,,79633,79652,
436862,,79633,79651,
436863,,79633,79650,
436864,,79633,79649,
436865,,79633,79648,
436866,,79633,79647,
436867,,79633,79633,
436868,,79633,79632,
436869,,79633,79631,
436870,,79633,79611,
436871,,79633,79612,
436872,,79633,79613,
436873,,79633,79614,
436874,,79633,79615,
436875,,79633,79616,
436876,,79633,79617,
436877,,79633,79618,
436878,,79633,79619,
436879,,79633,79634,
436880,,79633,79636,
436881,,79633,79627,
436882,,79633,79626,
436883,,79633,79656,
436884,,79633,79625,
436885,,79633,79624,
436886,,79633,79623,
436887,,79633,79622,
436888,,79633,79621,
436889,,79633,79620,
436890,,79633,79637,
436891,,79633,79638,
436892,,79633,79639,
436893,,79633,79640,
436894,,79633,79641,
436895,,79633,79642,
436896,,79633,79643,
436897,,79633,79644,
436898,,79633,79645,
436899,,79633,79646,
436900,,79633,79630,
436901,,79633,79653,
436902,,79633,79654,
436903,,79633,79655,
436904,,79633,79628,
436905,,79633,79629,
436906,,79632,79657,
436907,,79632,79658,
436908,,79632,79660,
436909,,79632,79659,
436910,,79632,79635,
436911,,79632,79652,
436912,,79632,79651,
436913,,79632,79650,
436914,,79632,79649,
436915,,79632,79648,
436916,,79632,79647,
436917,,79632,79633,
436918,,79632,79632,
436919,,79632,79631,
436920,,79632,79611,
436921,,79632,79612,
436922,,79632,79613,
436923,,79632,79614,
436924,,79632,79615,
436925,,79632,79616,
436926,,79632,79617,
436927,,79632,79618,
436928,,79632,79619,
436929,,79632,79634,
436930,,79632,79636,
436931,,79632,79627,
436932,,79632,79626,
436933,,79632,79656,
436934,,79632,79625,
436935,,79632,79624,
436936,,79632,79623,
436937,,79632,79622,
436938,,79632,79621,
436939,,79632,79620,
436940,,79632,79637,
436941,,79632,79638,
436942,,79632,79639,
436943,,79632,79640,
436944,,79632,79641,
436945,,79632,79642,
436946,,79632,79643,
436947,,79632,79644,
436948,,79632,79645,
436949,,79632,79646,
436950,,79632,79630,
436951,,79632,79653,
436952,,79632,79654,
436953,,79632,79655,
436954,,79632,79628,
436955,,79632,79629,
436956,,79631,79657,
436957,,79631,79658,
436958,,79631,79660,
436959,,79631,79659,
436960,,79631,79635,
436961,,79631,79652,
436962,,79631,79651,
436963,,79631,79650,
436964,,79631,79649,
436965,,79631,79648,
436966,,79631,79647,
436967,,79631,79633,
436968,,79631,79632,
436969,,79631,79631,
436970,,79631,79611,
436971,,79631,79612,
436972,,79631,79613,
436973,,79631,79614,
436974,,79631,79615,
436975,,79631,79616,
436976,,79631,79617,
436977,,79631,79618,
436978,,79631,79619,
436979,,79631,79634,
436980,,79631,79636,
436981,,79631,79627,
436982,,79631,79626,
436983,,79631,79656,
436984,,79631,79625,
436985,,79631,79624,
436986,,79631,79623,
436987,,79631,79622,
436988,,79631,79621,
436989,,79631,79620,
436990,,79631,79637,
436991,,79631,79638,
436992,,79631,79639,
436993,,79631,79640,
436994,,79631,79641,
436995,,79631,79642,
436996,,79631,79643,
436997,,79631,79644,
436998,,79631,79645,
436999,,79631,79646,
437000,,79631,79630,
437001,,79631,79653,
437002,,79631,79654,
437003,,79631,79655,
437004,,79631,79628,
437005,,79631,79629,
437006,,79611,79657,
437007,,79611,79658,
437008,,79611,79660,
437009,,79611,79659,
437010,,79611,79635,
437011,,79611,79652,
437012,,79611,79651,
437013,,79611,79650,
437014,,79611,79649,
437015,,79611,79648,
437016,,79611,79647,
437017,,79611,79633,
437018,,79611,79632,
437019,,79611,79631,
437020,,79611,79611,
437021,,79611,79612,
437022,,79611,79613,
437023,,79611,79614,
437024,,79611,79615,
437025,,79611,79616,
437026,,79611,79617,
437027,,79611,79618,
437028,,79611,79619,
437029,,79611,79634,
437030,,79611,79636,
437031,,79611,79627,
437032,,79611,79626,
437033,,79611,79656,
437034,,79611,79625,
437035,,79611,79624,
437036,,79611,79623,
437037,,79611,79622,
437038,,79611,79621,
437039,,79611,79620,
437040,,79611,79637,
437041,,79611,79638,
437042,,79611,79639,
437043,,79611,79640,
437044,,79611,79641,
437045,,79611,79642,
437046,,79611,79643,
437047,,79611,79644,
437048,,79611,79645,
437049,,79611,79646,
437050,,79611,79630,
437051,,79611,79653,
437052,,79611,79654,
437053,,79611,79655,
437054,,79611,79628,
437055,,79611,79629,
437056,,79612,79657,
437057,,79612,79658,
437058,,79612,79660,
437059,,79612,79659,
437060,,79612,79635,
437061,,79612,79652,
437062,,79612,79651,
437063,,79612,79650,
437064,,79612,79649,
437065,,79612,79648,
437066,,79612,79647,
437067,,79612,79633,
437068,,79612,79632,
437069,,79612,79631,
437070,,79612,79611,
437071,,79612,79612,
437072,,79612,79613,
437073,,79612,79614,
437074,,79612,79615,
437075,,79612,79616,
437076,,79612,79617,
437077,,79612,79618,
437078,,79612,79619,
437079,,79612,79634,
437080,,79612,79636,
437081,,79612,79627,
437082,,79612,79626,
437083,,79612,79656,
437084,,79612,79625,
437085,,79612,79624,
437086,,79612,79623,
437087,,79612,79622,
437088,,79612,79621,
437089,,79612,79620,
437090,,79612,79637,
437091,,79612,79638,
437092,,79612,79639,
437093,,79612,79640,
437094,,79612,79641,
437095,,79612,79642,
437096,,79612,79643,
437097,,79612,79644,
437098,,79612,79645,
437099,,79612,79646,
437100,,79612,79630,
437101,,79612,79653,
437102,,79612,79654,
437103,,79612,79655,
437104,,79612,79628,
437105,,79612,79629,
437106,,79613,79657,
437107,,79613,79658,
437108,,79613,79660,
437109,,79613,79659,
437110,,79613,79635,
437111,,79613,79652,
437112,,79613,79651,
437113,,79613,79650,
437114,,79613,79649,
437115,,79613,79648,
437116,,79613,79647,
437117,,79613,79633,
437118,,79613,79632,
437119,,79613,79631,
437120,,79613,79611,
437121,,79613,79612,
437122,,79613,79613,
437123,,79613,79614,
437124,,79613,79615,
437125,,79613,79616,
437126,,79613,79617,
437127,,79613,79618,
437128,,79613,79619,
437129,,79613,79634,
437130,,79613,79636,
437131,,79613,79627,
437132,,79613,79626,
437133,,79613,79656,
437134,,79613,79625,
437135,,79613,79624,
437136,,79613,79623,
437137,,79613,79622,
437138,,79613,79621,
437139,,79613,79620,
437140,,79613,79637,
437141,,79613,79638,
437142,,79613,79639,
437143,,79613,79640,
437144,,79613,79641,
437145,,79613,79642,
437146,,79613,79643,
437147,,79613,79644,
437148,,79613,79645,
437149,,79613,79646,
437150,,79613,79630,
437151,,79613,79653,
437152,,79613,79654,
437153,,79613,79655,
437154,,79613,79628,
437155,,79613,79629,
437156,,79614,79657,
437157,,79614,79658,
437158,,79614,79660,
437159,,79614,79659,
437160,,79614,79635,
437161,,79614,79652,
437162,,79614,79651,
437163,,79614,79650,
437164,,79614,79649,
437165,,79614,79648,
437166,,79614,79647,
437167,,79614,79633,
437168,,79614,79632,
437169,,79614,79631,
437170,,79614,79611,
437171,,79614,79612,
437172,,79614,79613,
437173,,79614,79614,
437174,,79614,79615,
437175,,79614,79616,
437176,,79614,79617,
437177,,79614,79618,
437178,,79614,79619,
437179,,79614,79634,
437180,,79614,79636,
437181,,79614,79627,
437182,,79614,79626,
437183,,79614,79656,
437184,,79614,79625,
437185,,79614,79624,
437186,,79614,79623,
437187,,79614,79622,
437188,,79614,79621,
437189,,79614,79620,
437190,,79614,79637,
437191,,79614,79638,
437192,,79614,79639,
437193,,79614,79640,
437194,,79614,79641,
437195,,79614,79642,
437196,,79614,79643,
437197,,79614,79644,
437198,,79614,79645,
437199,,79614,79646,
437200,,79614,79630,
437201,,79614,79653,
437202,,79614,79654,
437203,,79614,79655,
437204,,79614,79628,
437205,,79614,79629,
437206,,79615,79657,
437207,,79615,79658,
437208,,79615,79660,
437209,,79615,79659,
437210,,79615,79635,
437211,,79615,79652,
437212,,79615,79651,
437213,,79615,79650,
437214,,79615,79649,
437215,,79615,79648,
437216,,79615,79647,
437217,,79615,79633,
437218,,79615,79632,
437219,,79615,79631,
437220,,79615,79611,
437221,,79615,79612,
437222,,79615,79613,
437223,,79615,79614,
437224,,79615,79615,
437225,,79615,79616,
437226,,79615,79617,
437227,,79615,79618,
437228,,79615,79619,
437229,,79615,79634,
437230,,79615,79636,
437231,,79615,79627,
437232,,79615,79626,
437233,,79615,79656,
437234,,79615,79625,
437235,,79615,79624,
437236,,79615,79623,
437237,,79615,79622,
437238,,79615,79621,
437239,,79615,79620,
437240,,79615,79637,
437241,,79615,79638,
437242,,79615,79639,
437243,,79615,79640,
437244,,79615,79641,
437245,,79615,79642,
437246,,79615,79643,
437247,,79615,79644,
437248,,79615,79645,
437249,,79615,79646,
437250,,79615,79630,
437251,,79615,79653,
437252,,79615,79654,
437253,,79615,79655,
437254,,79615,79628,
437255,,79615,79629,
437256,,79616,79657,
437257,,79616,79658,
437258,,79616,79660,
437259,,79616,79659,
437260,,79616,79635,
437261,,79616,79652,
437262,,79616,79651,
437263,,79616,79650,
437264,,79616,79649,
437265,,79616,79648,
437266,,79616,79647,
437267,,79616,79633,
437268,,79616,79632,
437269,,79616,79631,
437270,,79616,79611,
437271,,79616,79612,
437272,,79616,79613,
437273,,79616,79614,
437274,,79616,79615,
437275,,79616,79616,
437276,,79616,79617,
437277,,79616,79618,
437278,,79616,79619,
437279,,79616,79634,
437280,,79616,79636,
437281,,79616,79627,
437282,,79616,79626,
437283,,79616,79656,
437284,,79616,79625,
437285,,79616,79624,
437286,,79616,79623,
437287,,79616,79622,
437288,,79616,79621,
437289,,79616,79620,
437290,,79616,79637,
437291,,79616,79638,
437292,,79616,79639,
437293,,79616,79640,
437294,,79616,79641,
437295,,79616,79642,
437296,,79616,79643,
437297,,79616,79644,
437298,,79616,79645,
437299,,79616,79646,
437300,,79616,79630,
437301,,79616,79653,
437302,,79616,79654,
437303,,79616,79655,
437304,,79616,79628,
437305,,79616,79629,
437306,,79617,79657,
437307,,79617,79658,
437308,,79617,79660,
437309,,79617,79659,
437310,,79617,79635,
437311,,79617,79652,
437312,,79617,79651,
437313,,79617,79650,
437314,,79617,79649,
437315,,79617,79648,
437316,,79617,79647,
437317,,79617,79633,
437318,,79617,79632,
437319,,79617,79631,
437320,,79617,79611,
437321,,79617,79612,
437322,,79617,79613,
437323,,79617,79614,
437324,,79617,79615,
437325,,79617,79616,
437326,,79617,79617,
437327,,79617,79618,
437328,,79617,79619,
437329,,79617,79634,
437330,,79617,79636,
437331,,79617,79627,
437332,,79617,79626,
437333,,79617,79656,
437334,,79617,79625,
437335,,79617,79624,
437336,,79617,79623,
437337,,79617,79622,
437338,,79617,79621,
437339,,79617,79620,
437340,,79617,79637,
437341,,79617,79638,
437342,,79617,79639,
437343,,79617,79640,
437344,,79617,79641,
437345,,79617,79642,
437346,,79617,79643,
437347,,79617,79644,
437348,,79617,79645,
437349,,79617,79646,
437350,,79617,79630,
437351,,79617,79653,
437352,,79617,79654,
437353,,79617,79655,
437354,,79617,79628,
437355,,79617,79629,
437356,,79618,79657,
437357,,79618,79658,
437358,,79618,79660,
437359,,79618,79659,
437360,,79618,79635,
437361,,79618,79652,
437362,,79618,79651,
437363,,79618,79650,
437364,,79618,79649,
437365,,79618,79648,
437366,,79618,79647,
437367,,79618,79633,
437368,,79618,79632,
437369,,79618,79631,
437370,,79618,79611,
437371,,79618,79612,
437372,,79618,79613,
437373,,79618,79614,
437374,,79618,79615,
437375,,79618,79616,
437376,,79618,79617,
437377,,79618,79618,
437378,,79618,79619,
437379,,79618,79634,
437380,,79618,79636,
437381,,79618,79627,
437382,,79618,79626,
437383,,79618,79656,
437384,,79618,79625,
437385,,79618,79624,
437386,,79618,79623,
437387,,79618,79622,
437388,,79618,79621,
437389,,79618,79620,
437390,,79618,79637,
437391,,79618,79638,
437392,,79618,79639,
437393,,79618,79640,
437394,,79618,79641,
437395,,79618,79642,
437396,,79618,79643,
437397,,79618,79644,
437398,,79618,79645,
437399,,79618,79646,
437400,,79618,79630,
437401,,79618,79653,
437402,,79618,79654,
437403,,79618,79655,
437404,,79618,79628,
437405,,79618,79629,
437406,,79619,79657,
437407,,79619,79658,
437408,,79619,79660,
437409,,79619,79659,
437410,,79619,79635,
437411,,79619,79652,
437412,,79619,79651,
437413,,79619,79650,
437414,,79619,79649,
437415,,79619,79648,
437416,,79619,79647,
437417,,79619,79633,
437418,,79619,79632,
437419,,79619,79631,
437420,,79619,79611,
437421,,79619,79612,
437422,,79619,79613,
437423,,79619,79614,
437424,,79619,79615,
437425,,79619,79616,
437426,,79619,79617,
437427,,79619,79618,
437428,,79619,79619,
437429,,79619,79634,
437430,,79619,79636,
437431,,79619,79627,
437432,,79619,79626,
437433,,79619,79656,
437434,,79619,79625,
437435,,79619,79624,
437436,,79619,79623,
437437,,79619,79622,
437438,,79619,79621,
437439,,79619,79620,
437440,,79619,79637,
437441,,79619,79638,
437442,,79619,79639,
437443,,79619,79640,
437444,,79619,79641,
437445,,79619,79642,
437446,,79619,79643,
437447,,79619,79644,
437448,,79619,79645,
437449,,79619,79646,
437450,,79619,79630,
437451,,79619,79653,
437452,,79619,79654,
437453,,79619,79655,
437454,,79619,79628,
437455,,79619,79629,
437456,,79634,79657,
437457,,79634,79658,
437458,,79634,79660,
437459,,79634,79659,
437460,,79634,79635,
437461,,79634,79652,
437462,,79634,79651,
437463,,79634,79650,
437464,,79634,79649,
437465,,79634,79648,
437466,,79634,79647,
437467,,79634,79633,
437468,,79634,79632,
437469,,79634,79631,
437470,,79634,79611,
437471,,79634,79612,
437472,,79634,79613,
437473,,79634,79614,
437474,,79634,79615,
437475,,79634,79616,
437476,,79634,79617,
437477,,79634,79618,
437478,,79634,79619,
437479,,79634,79634,
437480,,79634,79636,
437481,,79634,79627,
437482,,79634,79626,
437483,,79634,79656,
437484,,79634,79625,
437485,,79634,79624,
437486,,79634,79623,
437487,,79634,79622,
437488,,79634,79621,
437489,,79634,79620,
437490,,79634,79637,
437491,,79634,79638,
437492,,79634,79639,
437493,,79634,79640,
437494,,79634,79641,
437495,,79634,79642,
437496,,79634,79643,
437497,,79634,79644,
437498,,79634,79645,
437499,,79634,79646,
437500,,79634,79630,
437501,,79634,79653,
437502,,79634,79654,
437503,,79634,79655,
437504,,79634,79628,
437505,,79634,79629,
437506,,79636,79657,
437507,,79636,79658,
437508,,79636,79660,
437509,,79636,79659,
437510,,79636,79635,
437511,,79636,79652,
437512,,79636,79651,
437513,,79636,79650,
437514,,79636,79649,
437515,,79636,79648,
437516,,79636,79647,
437517,,79636,79633,
437518,,79636,79632,
437519,,79636,79631,
437520,,79636,79611,
437521,,79636,79612,
437522,,79636,79613,
437523,,79636,79614,
437524,,79636,79615,
437525,,79636,79616,
437526,,79636,79617,
437527,,79636,79618,
437528,,79636,79619,
437529,,79636,79634,
437530,,79636,79636,
437531,,79636,79627,
437532,,79636,79626,
437533,,79636,79656,
437534,,79636,79625,
437535,,79636,79624,
437536,,79636,79623,
437537,,79636,79622,
437538,,79636,79621,
437539,,79636,79620,
437540,,79636,79637,
437541,,79636,79638,
437542,,79636,79639,
437543,,79636,79640,
437544,,79636,79641,
437545,,79636,79642,
437546,,79636,79643,
437547,,79636,79644,
437548,,79636,79645,
437549,,79636,79646,
437550,,79636,79630,
437551,,79636,79653,
437552,,79636,79654,
437553,,79636,79655,
437554,,79636,79628,
437555,,79636,79629,
437556,,79627,79657,
437557,,79627,79658,
437558,,79627,79660,
437559,,79627,79659,
437560,,79627,79635,
437561,,79627,79652,
437562,,79627,79651,
437563,,79627,79650,
437564,,79627,79649,
437565,,79627,79648,
437566,,79627,79647,
437567,,79627,79633,
437568,,79627,79632,
437569,,79627,79631,
437570,,79627,79611,
437571,,79627,79612,
437572,,79627,79613,
437573,,79627,79614,
437574,,79627,79615,
437575,,79627,79616,
437576,,79627,79617,
437577,,79627,79618,
437578,,79627,79619,
437579,,79627,79634,
437580,,79627,79636,
437581,,79627,79627,
437582,,79627,79626,
437583,,79627,79656,
437584,,79627,79625,
437585,,79627,79624,
437586,,79627,79623,
437587,,79627,79622,
437588,,79627,79621,
437589,,79627,79620,
437590,,79627,79637,
437591,,79627,79638,
437592,,79627,79639,
437593,,79627,79640,
437594,,79627,79641,
437595,,79627,79642,
437596,,79627,79643,
437597,,79627,79644,
437598,,79627,79645,
437599,,79627,79646,
437600,,79627,79630,
437601,,79627,79653,
437602,,79627,79654,
437603,,79627,79655,
437604,,79627,79628,
437605,,79627,79629,
437606,,79626,79657,
437607,,79626,79658,
437608,,79626,79660,
437609,,79626,79659,
437610,,79626,79635,
437611,,79626,79652,
437612,,79626,79651,
437613,,79626,79650,
437614,,79626,79649,
437615,,79626,79648,
437616,,79626,79647,
437617,,79626,79633,
437618,,79626,79632,
437619,,79626,79631,
437620,,79626,79611,
437621,,79626,79612,
437622,,79626,79613,
437623,,79626,79614,
437624,,79626,79615,
437625,,79626,79616,
437626,,79626,79617,
437627,,79626,79618,
437628,,79626,79619,
437629,,79626,79634,
437630,,79626,79636,
437631,,79626,79627,
437632,,79626,79626,
437633,,79626,79656,
437634,,79626,79625,
437635,,79626,79624,
437636,,79626,79623,
437637,,79626,79622,
437638,,79626,79621,
437639,,79626,79620,
437640,,79626,79637,
437641,,79626,79638,
437642,,79626,79639,
437643,,79626,79640,
437644,,79626,79641,
437645,,79626,79642,
437646,,79626,79643,
437647,,79626,79644,
437648,,79626,79645,
437649,,79626,79646,
437650,,79626,79630,
437651,,79626,79653,
437652,,79626,79654,
437653,,79626,79655,
437654,,79626,79628,
437655,,79626,79629,
437656,,79656,79657,
437657,,79656,79658,
437658,,79656,79660,
437659,,79656,79659,
437660,,79656,79635,
437661,,79656,79652,
437662,,79656,79651,
437663,,79656,79650,
437664,,79656,79649,
437665,,79656,79648,
437666,,79656,79647,
437667,,79656,79633,
437668,,79656,79632,
437669,,79656,79631,
437670,,79656,79611,
437671,,79656,79612,
437672,,79656,79613,
437673,,79656,79614,
437674,,79656,79615,
437675,,79656,79616,
437676,,79656,79617,
437677,,79656,79618,
437678,,79656,79619,
437679,,79656,79634,
437680,,79656,79636,
437681,,79656,79627,
437682,,79656,79626,
437683,,79656,79656,
437684,,79656,79625,
437685,,79656,79624,
437686,,79656,79623,
437687,,79656,79622,
437688,,79656,79621,
437689,,79656,79620,
437690,,79656,79637,
437691,,79656,79638,
437692,,79656,79639,
437693,,79656,79640,
437694,,79656,79641,
437695,,79656,79642,
437696,,79656,79643,
437697,,79656,79644,
437698,,79656,79645,
437699,,79656,79646,
437700,,79656,79630,
437701,,79656,79653,
437702,,79656,79654,
437703,,79656,79655,
437704,,79656,79628,
437705,,79656,79629,
437706,,79625,79657,
437707,,79625,79658,
437708,,79625,79660,
437709,,79625,79659,
437710,,79625,79635,
437711,,79625,79652,
437712,,79625,79651,
437713,,79625,79650,
437714,,79625,79649,
437715,,79625,79648,
437716,,79625,79647,
437717,,79625,79633,
437718,,79625,79632,
437719,,79625,79631,
437720,,79625,79611,
437721,,79625,79612,
437722,,79625,79613,
437723,,79625,79614,
437724,,79625,79615,
437725,,79625,79616,
437726,,79625,79617,
437727,,79625,79618,
437728,,79625,79619,
437729,,79625,79634,
437730,,79625,79636,
437731,,79625,79627,
437732,,79625,79626,
437733,,79625,79656,
437734,,79625,79625,
437735,,79625,79624,
437736,,79625,79623,
437737,,79625,79622,
437738,,79625,79621,
437739,,79625,79620,
437740,,79625,79637,
437741,,79625,79638,
437742,,79625,79639,
437743,,79625,79640,
437744,,79625,79641,
437745,,79625,79642,
437746,,79625,79643,
437747,,79625,79644,
437748,,79625,79645,
437749,,79625,79646,
437750,,79625,79630,
437751,,79625,79653,
437752,,79625,79654,
437753,,79625,79655,
437754,,79625,79628,
437755,,79625,79629,
437756,,79624,79657,
437757,,79624,79658,
437758,,79624,79660,
437759,,79624,79659,
437760,,79624,79635,
437761,,79624,79652,
437762,,79624,79651,
437763,,79624,79650,
437764,,79624,79649,
437765,,79624,79648,
437766,,79624,79647,
437767,,79624,79633,
437768,,79624,79632,
437769,,79624,79631,
437770,,79624,79611,
437771,,79624,79612,
437772,,79624,79613,
437773,,79624,79614,
437774,,79624,79615,
437775,,79624,79616,
437776,,79624,79617,
437777,,79624,79618,
437778,,79624,79619,
437779,,79624,79634,
437780,,79624,79636,
437781,,79624,79627,
437782,,79624,79626,
437783,,79624,79656,
437784,,79624,79625,
437785,,79624,79624,
437786,,79624,79623,
437787,,79624,79622,
437788,,79624,79621,
437789,,79624,79620,
437790,,79624,79637,
437791,,79624,79638,
437792,,79624,79639,
437793,,79624,79640,
437794,,79624,79641,
437795,,79624,79642,
437796,,79624,79643,
437797,,79624,79644,
437798,,79624,79645,
437799,,79624,79646,
437800,,79624,79630,
437801,,79624,79653,
437802,,79624,79654,
437803,,79624,79655,
437804,,79624,79628,
437805,,79624,79629,
437806,,79623,79657,
437807,,79623,79658,
437808,,79623,79660,
437809,,79623,79659,
437810,,79623,79635,
437811,,79623,79652,
437812,,79623,79651,
437813,,79623,79650,
437814,,79623,79649,
437815,,79623,79648,
437816,,79623,79647,
437817,,79623,79633,
437818,,79623,79632,
437819,,79623,79631,
437820,,79623,79611,
437821,,79623,79612,
437822,,79623,79613,
437823,,79623,79614,
437824,,79623,79615,
437825,,79623,79616,
437826,,79623,79617,
437827,,79623,79618,
437828,,79623,79619,
437829,,79623,79634,
437830,,79623,79636,
437831,,79623,79627,
437832,,79623,79626,
437833,,79623,79656,
437834,,79623,79625,
437835,,79623,79624,
437836,,79623,79623,
437837,,79623,79622,
437838,,79623,79621,
437839,,79623,79620,
437840,,79623,79637,
437841,,79623,79638,
437842,,79623,79639,
437843,,79623,79640,
437844,,79623,79641,
437845,,79623,79642,
437846,,79623,79643,
437847,,79623,79644,
437848,,79623,79645,
437849,,79623,79646,
437850,,79623,79630,
437851,,79623,79653,
437852,,79623,79654,
437853,,79623,79655,
437854,,79623,79628,
437855,,79623,79629,
437856,,79622,79657,
437857,,79622,79658,
437858,,79622,79660,
437859,,79622,79659,
437860,,79622,79635,
437861,,79622,79652,
437862,,79622,79651,
437863,,79622,79650,
437864,,79622,79649,
437865,,79622,79648,
437866,,79622,79647,
437867,,79622,79633,
437868,,79622,79632,
437869,,79622,79631,
437870,,79622,79611,
437871,,79622,79612,
437872,,79622,79613,
437873,,79622,79614,
437874,,79622,79615,
437875,,79622,79616,
437876,,79622,79617,
437877,,79622,79618,
437878,,79622,79619,
437879,,79622,79634,
437880,,79622,79636,
437881,,79622,79627,
437882,,79622,79626,
437883,,79622,79656,
437884,,79622,79625,
437885,,79622,79624,
437886,,79622,79623,
437887,,79622,79622,
437888,,79622,79621,
437889,,79622,79620,
437890,,79622,79637,
437891,,79622,79638,
437892,,79622,79639,
437893,,79622,79640,
437894,,79622,79641,
437895,,79622,79642,
437896,,79622,79643,
437897,,79622,79644,
437898,,79622,79645,
437899,,79622,79646,
437900,,79622,79630,
437901,,79622,79653,
437902,,79622,79654,
437903,,79622,79655,
437904,,79622,79628,
437905,,79622,79629,
437906,,79621,79657,
437907,,79621,79658,
437908,,79621,79660,
437909,,79621,79659,
437910,,79621,79635,
437911,,79621,79652,
437912,,79621,79651,
437913,,79621,79650,
437914,,79621,79649,
437915,,79621,79648,
437916,,79621,79647,
437917,,79621,79633,
437918,,79621,79632,
437919,,79621,79631,
437920,,79621,79611,
437921,,79621,79612,
437922,,79621,79613,
437923,,79621,79614,
437924,,79621,79615,
437925,,79621,79616,
437926,,79621,79617,
437927,,79621,79618,
437928,,79621,79619,
437929,,79621,79634,
437930,,79621,79636,
437931,,79621,79627,
437932,,79621,79626,
437933,,79621,79656,
437934,,79621,79625,
437935,,79621,79624,
437936,,79621,79623,
437937,,79621,79622,
437938,,79621,79621,
437939,,79621,79620,
437940,,79621,79637,
437941,,79621,79638,
437942,,79621,79639,
437943,,79621,79640,
437944,,79621,79641,
437945,,79621,79642,
437946,,79621,79643,
437947,,79621,79644,
437948,,79621,79645,
437949,,79621,79646,
437950,,79621,79630,
437951,,79621,79653,
437952,,79621,79654,
437953,,79621,79655,
437954,,79621,79628,
437955,,79621,79629,
437956,,79620,79657,
437957,,79620,79658,
437958,,79620,79660,
437959,,79620,79659,
437960,,79620,79635,
437961,,79620,79652,
437962,,79620,79651,
437963,,79620,79650,
437964,,79620,79649,
437965,,79620,79648,
437966,,79620,79647,
437967,,79620,79633,
437968,,79620,79632,
437969,,79620,79631,
437970,,79620,79611,
437971,,79620,79612,
437972,,79620,79613,
437973,,79620,79614,
437974,,79620,79615,
437975,,79620,79616,
437976,,79620,79617,
437977,,79620,79618,
437978,,79620,79619,
437979,,79620,79634,
437980,,79620,79636,
437981,,79620,79627,
437982,,79620,79626,
437983,,79620,79656,
437984,,79620,79625,
437985,,79620,79624,
437986,,79620,79623,
437987,,79620,79622,
437988,,79620,79621,
437989,,79620,79620,
437990,,79620,79637,
437991,,79620,79638,
437992,,79620,79639,
437993,,79620,79640,
437994,,79620,79641,
437995,,79620,79642,
437996,,79620,79643,
437997,,79620,79644,
437998,,79620,79645,
437999,,79620,79646,
438000,,79620,79630,
438001,,79620,79653,
438002,,79620,79654,
438003,,79620,79655,
438004,,79620,79628,
438005,,79620,79629,
438006,,79637,79657,
438007,,79637,79658,
438008,,79637,79660,
438009,,79637,79659,
438010,,79637,79635,
438011,,79637,79652,
438012,,79637,79651,
438013,,79637,79650,
438014,,79637,79649,
438015,,79637,79648,
438016,,79637,79647,
438017,,79637,79633,
438018,,79637,79632,
438019,,79637,79631,
438020,,79637,79611,
438021,,79637,79612,
438022,,79637,79613,
438023,,79637,79614,
438024,,79637,79615,
438025,,79637,79616,
438026,,79637,79617,
438027,,79637,79618,
438028,,79637,79619,
438029,,79637,79634,
438030,,79637,79636,
438031,,79637,79627,
438032,,79637,79626,
438033,,79637,79656,
438034,,79637,79625,
438035,,79637,79624,
438036,,79637,79623,
438037,,79637,79622,
438038,,79637,79621,
438039,,79637,79620,
438040,,79637,79637,
438041,,79637,79638,
438042,,79637,79639,
438043,,79637,79640,
438044,,79637,79641,
438045,,79637,79642,
438046,,79637,79643,
438047,,79637,79644,
438048,,79637,79645,
438049,,79637,79646,
438050,,79637,79630,
438051,,79637,79653,
438052,,79637,79654,
438053,,79637,79655,
438054,,79637,79628,
438055,,79637,79629,
438056,,79638,79657,
438057,,79638,79658,
438058,,79638,79660,
438059,,79638,79659,
438060,,79638,79635,
438061,,79638,79652,
438062,,79638,79651,
438063,,79638,79650,
438064,,79638,79649,
438065,,79638,79648,
438066,,79638,79647,
438067,,79638,79633,
438068,,79638,79632,
438069,,79638,79631,
438070,,79638,79611,
438071,,79638,79612,
438072,,79638,79613,
438073,,79638,79614,
438074,,79638,79615,
438075,,79638,79616,
438076,,79638,79617,
438077,,79638,79618,
438078,,79638,79619,
438079,,79638,79634,
438080,,79638,79636,
438081,,79638,79627,
438082,,79638,79626,
438083,,79638,79656,
438084,,79638,79625,
438085,,79638,79624,
438086,,79638,79623,
438087,,79638,79622,
438088,,79638,79621,
438089,,79638,79620,
438090,,79638,79637,
438091,,79638,79638,
438092,,79638,79639,
438093,,79638,79640,
438094,,79638,79641,
438095,,79638,79642,
438096,,79638,79643,
438097,,79638,79644,
438098,,79638,79645,
438099,,79638,79646,
438100,,79638,79630,
438101,,79638,79653,
438102,,79638,79654,
438103,,79638,79655,
438104,,79638,79628,
438105,,79638,79629,
438106,,79639,79657,
438107,,79639,79658,
438108,,79639,79660,
438109,,79639,79659,
438110,,79639,79635,
438111,,79639,79652,
438112,,79639,79651,
438113,,79639,79650,
438114,,79639,79649,
438115,,79639,79648,
438116,,79639,79647,
438117,,79639,79633,
438118,,79639,79632,
438119,,79639,79631,
438120,,79639,79611,
438121,,79639,79612,
438122,,79639,79613,
438123,,79639,79614,
438124,,79639,79615,
438125,,79639,79616,
438126,,79639,79617,
438127,,79639,79618,
438128,,79639,79619,
438129,,79639,79634,
438130,,79639,79636,
438131,,79639,79627,
438132,,79639,79626,
438133,,79639,79656,
438134,,79639,79625,
438135,,79639,79624,
438136,,79639,79623,
438137,,79639,79622,
438138,,79639,79621,
438139,,79639,79620,
438140,,79639,79637,
438141,,79639,79638,
438142,,79639,79639,
438143,,79639,79640,
438144,,79639,79641,
438145,,79639,79642,
438146,,79639,79643,
438147,,79639,79644,
438148,,79639,79645,
438149,,79639,79646,
438150,,79639,79630,
438151,,79639,79653,
438152,,79639,79654,
438153,,79639,79655,
438154,,79639,79628,
438155,,79639,79629,
438156,,79640,79657,
438157,,79640,79658,
438158,,79640,79660,
438159,,79640,79659,
438160,,79640,79635,
438161,,79640,79652,
438162,,79640,79651,
438163,,79640,79650,
438164,,79640,79649,
438165,,79640,79648,
438166,,79640,79647,
438167,,79640,79633,
438168,,79640,79632,
438169,,79640,79631,
438170,,79640,79611,
438171,,79640,79612,
438172,,79640,79613,
438173,,79640,79614,
438174,,79640,79615,
438175,,79640,79616,
438176,,79640,79617,
438177,,79640,79618,
438178,,79640,79619,
438179,,79640,79634,
438180,,79640,79636,
438181,,79640,79627,
438182,,79640,79626,
438183,,79640,79656,
438184,,79640,79625,
438185,,79640,79624,
438186,,79640,79623,
438187,,79640,79622,
438188,,79640,79621,
438189,,79640,79620,
438190,,79640,79637,
438191,,79640,79638,
438192,,79640,79639,
438193,,79640,79640,
438194,,79640,79641,
438195,,79640,79642,
438196,,79640,79643,
438197,,79640,79644,
438198,,79640,79645,
438199,,79640,79646,
438200,,79640,79630,
438201,,79640,79653,
438202,,79640,79654,
438203,,79640,79655,
438204,,79640,79628,
438205,,79640,79629,
438206,,79641,79657,
438207,,79641,79658,
438208,,79641,79660,
438209,,79641,79659,
438210,,79641,79635,
438211,,79641,79652,
438212,,79641,79651,
438213,,79641,79650,
438214,,79641,79649,
438215,,79641,79648,
438216,,79641,79647,
438217,,79641,79633,
438218,,79641,79632,
438219,,79641,79631,
438220,,79641,79611,
438221,,79641,79612,
438222,,79641,79613,
438223,,79641,79614,
438224,,79641,79615,
438225,,79641,79616,
438226,,79641,79617,
438227,,79641,79618,
438228,,79641,79619,
438229,,79641,79634,
438230,,79641,79636,
438231,,79641,79627,
438232,,79641,79626,
438233,,79641,79656,
438234,,79641,79625,
438235,,79641,79624,
438236,,79641,79623,
438237,,79641,79622,
438238,,79641,79621,
438239,,79641,79620,
438240,,79641,79637,
438241,,79641,79638,
438242,,79641,79639,
438243,,79641,79640,
438244,,79641,79641,
438245,,79641,79642,
438246,,79641,79643,
438247,,79641,79644,
438248,,79641,79645,
438249,,79641,79646,
438250,,79641,79630,
438251,,79641,79653,
438252,,79641,79654,
438253,,79641,79655,
438254,,79641,79628,
438255,,79641,79629,
438256,,79642,79657,
438257,,79642,79658,
438258,,79642,79660,
438259,,79642,79659,
438260,,79642,79635,
438261,,79642,79652,
438262,,79642,79651,
438263,,79642,79650,
438264,,79642,79649,
438265,,79642,79648,
438266,,79642,79647,
438267,,79642,79633,
438268,,79642,79632,
438269,,79642,79631,
438270,,79642,79611,
438271,,79642,79612,
438272,,79642,79613,
438273,,79642,79614,
438274,,79642,79615,
438275,,79642,79616,
438276,,79642,79617,
438277,,79642,79618,
438278,,79642,79619,
438279,,79642,79634,
438280,,79642,79636,
438281,,79642,79627,
438282,,79642,79626,
438283,,79642,79656,
438284,,79642,79625,
438285,,79642,79624,
438286,,79642,79623,
438287,,79642,79622,
438288,,79642,79621,
438289,,79642,79620,
438290,,79642,79637,
438291,,79642,79638,
438292,,79642,79639,
438293,,79642,79640,
438294,,79642,79641,
438295,,79642,79642,
438296,,79642,79643,
438297,,79642,79644,
438298,,79642,79645,
438299,,79642,79646,
438300,,79642,79630,
438301,,79642,79653,
438302,,79642,79654,
438303,,79642,79655,
438304,,79642,79628,
438305,,79642,79629,
438306,,79643,79657,
438307,,79643,79658,
438308,,79643,79660,
438309,,79643,79659,
438310,,79643,79635,
438311,,79643,79652,
438312,,79643,79651,
438313,,79643,79650,
438314,,79643,79649,
438315,,79643,79648,
438316,,79643,79647,
438317,,79643,79633,
438318,,79643,79632,
438319,,79643,79631,
438320,,79643,79611,
438321,,79643,79612,
438322,,79643,79613,
438323,,79643,79614,
438324,,79643,79615,
438325,,79643,79616,
438326,,79643,79617,
438327,,79643,79618,
438328,,79643,79619,
438329,,79643,79634,
438330,,79643,79636,
438331,,79643,79627,
438332,,79643,79626,
438333,,79643,79656,
438334,,79643,79625,
438335,,79643,79624,
438336,,79643,79623,
438337,,79643,79622,
438338,,79643,79621,
438339,,79643,79620,
438340,,79643,79637,
438341,,79643,79638,
438342,,79643,79639,
438343,,79643,79640,
438344,,79643,79641,
438345,,79643,79642,
438346,,79643,79643,
438347,,79643,79644,
438348,,79643,79645,
438349,,79643,79646,
438350,,79643,79630,
438351,,79643,79653,
438352,,79643,79654,
438353,,79643,79655,
438354,,79643,79628,
438355,,79643,79629,
438356,,79644,79657,
438357,,79644,79658,
438358,,79644,79660,
438359,,79644,79659,
438360,,79644,79635,
438361,,79644,79652,
438362,,79644,79651,
438363,,79644,79650,
438364,,79644,79649,
438365,,79644,79648,
438366,,79644,79647,
438367,,79644,79633,
438368,,79644,79632,
438369,,79644,79631,
438370,,79644,79611,
438371,,79644,79612,
438372,,79644,79613,
438373,,79644,79614,
438374,,79644,79615,
438375,,79644,79616,
438376,,79644,79617,
438377,,79644,79618,
438378,,79644,79619,
438379,,79644,79634,
438380,,79644,79636,
438381,,79644,79627,
438382,,79644,79626,
438383,,79644,79656,
438384,,79644,79625,
438385,,79644,79624,
438386,,79644,79623,
438387,,79644,79622,
438388,,79644,79621,
438389,,79644,79620,
438390,,79644,79637,
438391,,79644,79638,
438392,,79644,79639,
438393,,79644,79640,
438394,,79644,79641,
438395,,79644,79642,
438396,,79644,79643,
438397,,79644,79644,
438398,,79644,79645,
438399,,79644,79646,
438400,,79644,79630,
438401,,79644,79653,
438402,,79644,79654,
438403,,79644,79655,
438404,,79644,79628,
438405,,79644,79629,
438406,,79645,79657,
438407,,79645,79658,
438408,,79645,79660,
438409,,79645,79659,
438410,,79645,79635,
438411,,79645,79652,
438412,,79645,79651,
438413,,79645,79650,
438414,,79645,79649,
438415,,79645,79648,
438416,,79645,79647,
438417,,79645,79633,
438418,,79645,79632,
438419,,79645,79631,
438420,,79645,79611,
438421,,79645,79612,
438422,,79645,79613,
438423,,79645,79614,
438424,,79645,79615,
438425,,79645,79616,
438426,,79645,79617,
438427,,79645,79618,
438428,,79645,79619,
438429,,79645,79634,
438430,,79645,79636,
438431,,79645,79627,
438432,,79645,79626,
438433,,79645,79656,
438434,,79645,79625,
438435,,79645,79624,
438436,,79645,79623,
438437,,79645,79622,
438438,,79645,79621,
438439,,79645,79620,
438440,,79645,79637,
438441,,79645,79638,
438442,,79645,79639,
438443,,79645,79640,
438444,,79645,79641,
438445,,79645,79642,
438446,,79645,79643,
438447,,79645,79644,
438448,,79645,79645,
438449,,79645,79646,
438450,,79645,79630,
438451,,79645,79653,
438452,,79645,79654,
438453,,79645,79655,
438454,,79645,79628,
438455,,79645,79629,
438456,,79646,79657,
438457,,79646,79658,
438458,,79646,79660,
438459,,79646,79659,
438460,,79646,79635,
438461,,79646,79652,
438462,,79646,79651,
438463,,79646,79650,
438464,,79646,79649,
438465,,79646,79648,
438466,,79646,79647,
438467,,79646,79633,
438468,,79646,79632,
438469,,79646,79631,
438470,,79646,79611,
438471,,79646,79612,
438472,,79646,79613,
438473,,79646,79614,
438474,,79646,79615,
438475,,79646,79616,
438476,,79646,79617,
438477,,79646,79618,
438478,,79646,79619,
438479,,79646,79634,
438480,,79646,79636,
438481,,79646,79627,
438482,,79646,79626,
438483,,79646,79656,
438484,,79646,79625,
438485,,79646,79624,
438486,,79646,79623,
438487,,79646,79622,
438488,,79646,79621,
438489,,79646,79620,
438490,,79646,79637,
438491,,79646,79638,
438492,,79646,79639,
438493,,79646,79640,
438494,,79646,79641,
438495,,79646,79642,
438496,,79646,79643,
438497,,79646,79644,
438498,,79646,79645,
438499,,79646,79646,
438500,,79646,79630,
438501,,79646,79653,
438502,,79646,79654,
438503,,79646,79655,
438504,,79646,79628,
438505,,79646,79629,
438506,,79630,79657,
438507,,79630,79658,
438508,,79630,79660,
438509,,79630,79659,
438510,,79630,79635,
438511,,79630,79652,
438512,,79630,79651,
438513,,79630,79650,
438514,,79630,79649,
438515,,79630,79648,
438516,,79630,79647,
438517,,79630,79633,
438518,,79630,79632,
438519,,79630,79631,
438520,,79630,79611,
438521,,79630,79612,
438522,,79630,79613,
438523,,79630,79614,
438524,,79630,79615,
438525,,79630,79616,
438526,,79630,79617,
438527,,79630,79618,
438528,,79630,79619,
438529,,79630,79634,
438530,,79630,79636,
438531,,79630,79627,
438532,,79630,79626,
438533,,79630,79656,
438534,,79630,79625,
438535,,79630,79624,
438536,,79630,79623,
438537,,79630,79622,
438538,,79630,79621,
438539,,79630,79620,
438540,,79630,79637,
438541,,79630,79638,
438542,,79630,79639,
438543,,79630,79640,
438544,,79630,79641,
438545,,79630,79642,
438546,,79630,79643,
438547,,79630,79644,
438548,,79630,79645,
438549,,79630,79646,
438550,,79630,79630,
438551,,79630,79653,
438552,,79630,79654,
438553,,79630,79655,
438554,,79630,79628,
438555,,79630,79629,
438556,,79653,79657,
438557,,79653,79658,
438558,,79653,79660,
438559,,79653,79659,
438560,,79653,79635,
438561,,79653,79652,
438562,,79653,79651,
438563,,79653,79650,
438564,,79653,79649,
438565,,79653,79648,
438566,,79653,79647,
438567,,79653,79633,
438568,,79653,79632,
438569,,79653,79631,
438570,,79653,79611,
438571,,79653,79612,
438572,,79653,79613,
438573,,79653,79614,
438574,,79653,79615,
438575,,79653,79616,
438576,,79653,79617,
438577,,79653,79618,
438578,,79653,79619,
438579,,79653,79634,
438580,,79653,79636,
438581,,79653,79627,
438582,,79653,79626,
438583,,79653,79656,
438584,,79653,79625,
438585,,79653,79624,
438586,,79653,79623,
438587,,79653,79622,
438588,,79653,79621,
438589,,79653,79620,
438590,,79653,79637,
438591,,79653,79638,
438592,,79653,79639,
438593,,79653,79640,
438594,,79653,79641,
438595,,79653,79642,
438596,,79653,79643,
438597,,79653,79644,
438598,,79653,79645,
438599,,79653,79646,
438600,,79653,79630,
438601,,79653,79653,
438602,,79653,79654,
438603,,79653,79655,
438604,,79653,79628,
438605,,79653,79629,
438606,,79654,79657,
438607,,79654,79658,
438608,,79654,79660,
438609,,79654,79659,
438610,,79654,79635,
438611,,79654,79652,
438612,,79654,79651,
438613,,79654,79650,
438614,,79654,79649,
438615,,79654,79648,
438616,,79654,79647,
438617,,79654,79633,
438618,,79654,79632,
438619,,79654,79631,
438620,,79654,79611,
438621,,79654,79612,
438622,,79654,79613,
438623,,79654,79614,
438624,,79654,79615,
438625,,79654,79616,
438626,,79654,79617,
438627,,79654,79618,
438628,,79654,79619,
438629,,79654,79634,
438630,,79654,79636,
438631,,79654,79627,
438632,,79654,79626,
438633,,79654,79656,
438634,,79654,79625,
438635,,79654,79624,
438636,,79654,79623,
438637,,79654,79622,
438638,,79654,79621,
438639,,79654,79620,
438640,,79654,79637,
438641,,79654,79638,
438642,,79654,79639,
438643,,79654,79640,
438644,,79654,79641,
438645,,79654,79642,
438646,,79654,79643,
438647,,79654,79644,
438648,,79654,79645,
438649,,79654,79646,
438650,,79654,79630,
438651,,79654,79653,
438652,,79654,79654,
438653,,79654,79655,
438654,,79654,79628,
438655,,79654,79629,
438656,,79655,79657,
438657,,79655,79658,
438658,,79655,79660,
438659,,79655,79659,
438660,,79655,79635,
438661,,79655,79652,
438662,,79655,79651,
438663,,79655,79650,
438664,,79655,79649,
438665,,79655,79648,
438666,,79655,79647,
438667,,79655,79633,
438668,,79655,79632,
438669,,79655,79631,
438670,,79655,79611,
438671,,79655,79612,
438672,,79655,79613,
438673,,79655,79614,
438674,,79655,79615,
438675,,79655,79616,
438676,,79655,79617,
438677,,79655,79618,
438678,,79655,79619,
438679,,79655,79634,
438680,,79655,79636,
438681,,79655,79627,
438682,,79655,79626,
438683,,79655,79656,
438684,,79655,79625,
438685,,79655,79624,
438686,,79655,79623,
438687,,79655,79622,
438688,,79655,79621,
438689,,79655,79620,
438690,,79655,79637,
438691,,79655,79638,
438692,,79655,79639,
438693,,79655,79640,
438694,,79655,79641,
438695,,79655,79642,
438696,,79655,79643,
438697,,79655,79644,
438698,,79655,79645,
438699,,79655,79646,
438700,,79655,79630,
438701,,79655,79653,
438702,,79655,79654,
438703,,79655,79655,
438704,,79655,79628,
438705,,79655,79629,
438706,,79628,79657,
438707,,79628,79658,
438708,,79628,79660,
438709,,79628,79659,
438710,,79628,79635,
438711,,79628,79652,
438712,,79628,79651,
438713,,79628,79650,
438714,,79628,79649,
438715,,79628,79648,
438716,,79628,79647,
438717,,79628,79633,
438718,,79628,79632,
438719,,79628,79631,
438720,,79628,79611,
438721,,79628,79612,
438722,,79628,79613,
438723,,79628,79614,
438724,,79628,79615,
438725,,79628,79616,
438726,,79628,79617,
438727,,79628,79618,
438728,,79628,79619,
438729,,79628,79634,
438730,,79628,79636,
438731,,79628,79627,
438732,,79628,79626,
438733,,79628,79656,
438734,,79628,79625,
438735,,79628,79624,
438736,,79628,79623,
438737,,79628,79622,
438738,,79628,79621,
438739,,79628,79620,
438740,,79628,79637,
438741,,79628,79638,
438742,,79628,79639,
438743,,79628,79640,
438744,,79628,79641,
438745,,79628,79642,
438746,,79628,79643,
438747,,79628,79644,
438748,,79628,79645,
438749,,79628,79646,
438750,,79628,79630,
438751,,79628,79653,
438752,,79628,79654,
438753,,79628,79655,
438754,,79628,79628,
438755,,79628,79629,
438756,,79629,79657,
438757,,79629,79658,
438758,,79629,79660,
438759,,79629,79659,
438760,,79629,79635,
438761,,79629,79652,
438762,,79629,79651,
438763,,79629,79650,
438764,,79629,79649,
438765,,79629,79648,
438766,,79629,79647,
438767,,79629,79633,
438768,,79629,79632,
438769,,79629,79631,
438770,,79629,79611,
438771,,79629,79612,
438772,,79629,79613,
438773,,79629,79614,
438774,,79629,79615,
438775,,79629,79616,
438776,,79629,79617,
438777,,79629,79618,
438778,,79629,79619,
438779,,79629,79634,
438780,,79629,79636,
438781,,79629,79627,
438782,,79629,79626,
438783,,79629,79656,
438784,,79629,79625,
438785,,79629,79624,
438786,,79629,79623,
438787,,79629,79622,
438788,,79629,79621,
438789,,79629,79620,
438790,,79629,79637,
438791,,79629,79638,
438792,,79629,79639,
438793,,79629,79640,
438794,,79629,79641,
438795,,79629,79642,
438796,,79629,79643,
438797,,79629,79644,
438798,,79629,79645,
438799,,79629,79646,
438800,,79629,79630,
438801,,79629,79653,
438802,,79629,79654,
438803,,79629,79655,
438804,,79629,79628,
438805,,79629,79629,